#/home/georgia/Documents/Local_exp/LFR.py
# GMT Fri Mar 29 10:17:59 2019
# 
0 1379 1529 1274 506 1790 1936 274 1427 1560
1 1984 1477 693 1907 435 1998 447 1100 1084 1424 1575 1369 111 321
2 150 1954 1419 451 503 954 20 553
3 95 985 115 82 1986 738 1504 559 1726 1840 1053 1207 1540 442 704 1629
4 956 1886 1130 1010 1858 1672 1876 201 270 1652 269 399 1850 1120
5 680 1394 916 493 1134 1719 1979 196 594 502
6 178 1289 1119 575 1593 1201 1215 66 219 1572 1002 108
7 7 303 721 370 629 1124 465 823 887 1832 1309 580 1971 1872 223 759
8 994 1575 215 163 1140 619 944 1404 284 678 686 1089 1400
9 1272 1879 1333 1295 337 1108 590
10 1538 1818 1757 482 288 1249 883
11 234 506 1316 1412 1879 1305 552 1074
12 1543 1699 176 836 1586 1819 1993 472 1268 1941
13 1933 1970 725 309 1144 545 806 436 94 732
14 1232 822 1680 14 1228 1203 950 61
15 1029 774 1836 507 1737 1172 1813 1832
16 299 1175 1670 745 1898 1397 637 615 1536 1973 586 1296 822 1467 1660
17 1284 771 437 969 1067 1698 851 871
18 117 109 791 1874 311 327 1142 903 379
19 915 787 1304 396 853 1047 253 556 692
20 1026 503 1460 256 1175 244 392 1321 1847 1419 1497 337 1517 1954 553 451
21 1284 1093 494 1246 1313 771 1496 893 437 76 849
22 762 135 1684 896 417 49 1115 146 71 1188
23 1705 1529 393 36 623 1697 69 1738 1645 606
24 318 1531 1032 529 914 1085
25 1166 782 1880 1483 1436 1445 1679 370 765 586
26 1365 1294 1490 1141 155 1377 850 1734
27 653 351 1450 1029 394 487 499 401
28 1199 1154 783 795 28 470 1319 940
29 643 1553 1042 1307 1186 729 1909 1100 1059 685 1081
30 1026 1419 1321 1175 1121 244 1789 383
31 613 243 661 1554 411 997 1725 1007 672
32 479 1905 1346 852 1870 272 412 1696 1231 1353 798
33 1181 797 544 1649 1695 362 742 1950 238 1256 1035
34 1920 1434 1298 124 1820 34 54 964 428
35 1434 941 157 48 1350 1448 1704 1344
36 1943 1122 1645 1738 1725 1245 1000 616
37 675 939 621 1701 1898 993 964
38 1283 148 38 61 1309
39 144 800 429 1941 1429 197 1980 1527
40 1665 1678 423 1305 282 1773 890
41 1905 1049 678 760 1028 1089 1740 242 1100 1133 429
42 1060 86 900 665 287
43 871 287 1210 1632 50 554 56
44 851 1539 1677 1441 1318 669 1364 1615 380 1131
45 370 878 823 532 1550 1582 1971 185 1872 1617 223 167
46 1014 1916 452 1961 622 824 335 1258 885
47 244 562 1145 1369 819 1668 1951 825 1469 323
48 1415 1122 730 397 157 1071
49 588 958 138 1832 417 1437 135 794 281 1684 1158 543 1961 1940
50 1176 1296 1559 1945 543 1591 859 820 326 1739 1943
51 1157 1927 1826 434 642 464 1276 1054 283 1094 255 1475 1362 521 153 1871 913 1545 1234
52 971 913 664 1306 543 569
53 141 680 846 1478 1031 1899 1598 1610 331 1722 445
54 1920 1292 1298 1820 1795 1671 1846
55 258 148 1228 1283 1211 1881 1279 348 925
56 1180 174 441 1412 1632 1286 298 864 1471 470 1240 105
57 1821 543 820 120 1914 1739
58 145 1815 1451 1972 876 250 316 856 1677
59 1297 1076 1271 1523 59 1114 1388 454 469 582 1609 1640
60 158 1569 406 1412 287 174 1121
61 109 139 1082
62 1093 1026 1681 925 800 859 276 1997 895
63 72 1050 557 796 1794 290 1088
64 945 366 1921 1170 1302 944 601 1521
65 1433 1311 546 299 1081 505 230
66 178 1078 1215 1855 1985 976 1119 1488 778 417 549
67 1161 1215 1332 1481 835 576
68 1814 1209 985 740 209 1754 1007 1168 87
69 238 393 1943 819 1738
70 402 167 700 70 1736 475 478 1522 758 839
71 643 1553 1042 1307 1569 1186 679 811 299 685 1059 71 539 873 115 1668
72 647 1050 796 1183 1676 388 613
73 1672 399 1323 1858 1571 1883 1860 1010 1807 907 1327 1652 271 211 1876 1194
74 1451 1671 807 1154 1966 1406 1487 966
75 260 1819 1268 117 84 1524 1105 472 995 620
76 1259 1944 851 313 1052
77 1369 1028 449 1829 930 416
78 1051 1983 198 1991 1219 711 633 1457
79 510 1848 366 1185 1385 1394 1168 1662
80 1912 115 645 1851 870 313 682 1234 616
81 1471 1607 1229 1663 117
82 1032 644 442 704 1629
83 1813 995 89 83 117 765
84 1819 176 1993 995 459 357 1268 1699 1746 1124 462 117
85 198 667 704 320 354 604
86 412 270 282 680 1890 818 748
87 1871 1069 1031 1578 1866
88 931 440 1108 315 125 1021
89 1819 742 357 459 94
90 660 90 1085 350 777 244
91 623 130 1199 583 946 1107 1391 922 1505 228 1729 639 1509 1989 1156 1703 1939 433 858 1322 880 1788 476 91 1069 1746 1220 192 166 1278
92 330 1799 404 167 700 158 352 1515 1404 837
93 1989 1921 134 1170 917 600 601 1521
94 1933 1171 216 319 221 980
95 1463 955 318 958 1066 1535 608
96 897 274 1614 1004 341 429 1850 1333
97 650 791 550 484 1874 1301
98 1705 384 263 1555 983
99 270 1501 786 1301 781 259 1813 1894 705 981
100 400 518 708 294 574 707 1991 103 491 379
101 219 1302 944 600 601 222
102 1819 1196 286 574 707 198 1991 750 1597 711 1109 1928 782 334 1373
103 1018 574 1991 328 803 1963 872 108
104 1787 790 446 243 1553 895 573 1336 542
105 1362 567 154 672 673 121 757 1252 1692 877 320
106 1572 1326 955 1349 912 324 213
107 1197 1966 181 1370 173 1348 1399 1647 1712 792 368 1991
108 311 1860 1904 574 961 1601 711 1983 595 175 1793
109 1955 791 920 327 355 484 1142 109 631 352 1226 550 1233 1853 874 160 508
110 1326 302 1349 636 187 889 1070 1573 558 373 1912
111 1440 1370 178 1488 835 369 1059
112 1664 1345 1900 533 214 884 1019 288 1369 864
113 1029 518 1197 463 733 237 781
114 1194 854 225 572 1117
115 582 1439 292 1749 1112 1443 1135 169 1956 585 1845 837 1594 1893 1997 549 1149 166 1868 592 305 115 1822 1362 589 547 1751 719 1919 1885 1828
116 771 1313 1259 1129 1595
117 909 1365 472 1524 742 1993 995 1819 1279 277 1746 459 357 117 1237 1698 1201 915 951
118 1059 770 266 1607 497 886
119 289 1474 1384 1903 272 1673 479 1346 412 1353 1875 780 1891 1047 786 137 716
120 1945 1821 543 1702 820 1739 1079 394 144 612 1498 1600 667 690
121 1593 661 230 1528 757 121 441
122 898 1950 1227 994 1774 326
123 299 782 701 1221 1777
124 1920 1298 1670 1434 1687 273 1576 1680 581 676
125 782 1483 1216 1286 1221 171
126 1925 1819 401 1251 1380 1637 1009
127 130 1939 946 476 340 639
128 1702 662 1800 1302 1050 917 279 944 600
129 712 1416 129 430 1771 1067 1467 1182 737 1657
130 858 922 1569 433 946 1494 1097
131 349 270 149 1635 638 679 778 925
132 1220 582 1641 1457 1449 1671 659 165 807 1319
133 1191 1009 1637 1251 1380 1011 1422 1980 646 1148 442 1695 401
134 1171 1021 1817 1921 600 326 1800 601 1521
135 200 262 1188 281 417 177 1039 1115 135 912 1449 1057 1745 1369 1498 1862
136 1404 1855 1025 1502 986 881 875 648 1244 841 1517 1371 1755 1849 169 1418
137 658 137 647 1207 796 208 527 557 1453 1183 1647 454 705 1739 1234
138 297 1686 567 682 1449 1684 138 1115 1158 1247 559 1454 1039 794 285
139 1020 903 146 1516
140 1153 481 140 944 1354 1513
141 1298 1223 798 1996 1722 1892 1068 312 1114 680 1888 1899 1531
142 1174 1835 1808 1817 235 1167 533 160 1345 348 562
143 384 263 1545 1947 866 627 1555 1505 1863
144 1455 820 1611 735 1821 694 523 1006 1498 543 269 326 1739 492 586
145 1669 1367 734 1815 1534 895 316 856 1514
146 898 1162 258 1411 903 528 148 1295
147 991 1783 644 1941 321 1681 925 1527
148 528 1461 258 1228 950 1038 822 978 911
149 781 793 1508 1574 1901 813 820 284
150 1922 396 787 1317 1557 915 150 541 799 1666 1062 1304 692 1616 161 556 1368 964 1794 1506 1690 326 1489
151 391 526 1067 722 1083 597 1509 1816
152 272 1384 852 1906 706 152 289 1474 1002 1903 1905
153 1442 782 1177 1171 570 698 1631 1126
154 661 1282 997 1681 411
155 280 1945 1417 1294 1141 505 1734 1772 1272 250
156 523 1079 1611 724 843 543 820 326 1739
157 1451 1515 998 1075 938 1344 530 407 929 933 204 1853 1460 1704 1198 371
158 400 700 158 1723 1736 1713
159 1924 534 1259 1750 1129 314 1971 1698 805 856
160 1486 1757 398 1174 730 753 1033 1817 533 425 1642 1835 1293
161 396 787 799 792 945 1616 1368 227
162 162 593 1484 408 1401 994 1510 822 1898 1227 1181 1200 287 1100
163 1284 1974 1047 1432 678 1325 1089 1751
164 1677 201 263 1555 275 472 983 1786
165 783 659 1154 763 989 1406 538 327
166 314 1739 1822 1956 1845 443 1749
167 894 1077 400 478 1736 632 1522 1841 816 1136 486 242 1723 1360 1838 1728 846 1314
168 257 1539 1568 684 1745 1162 625
169 1694 292 589 1135 585 547 1822 1893 213 1562 1443 1997 1608 1513 1745 1845 1868 1749 912
170 1034 1961 317 1916 1864 942 335 885 1267 1777 1103 845 1907 694 580 1324 452
171 1287 1705 1712 171 1985 1837 440 1217 1902
172 263 398 1167 1817 325 1345 1913 1295
173 518 1197 1390 1370 1186 826 1348 382 1930
174 1521 287 665 1412 1522
175 244 1638 439 920
176 260 1819 909 1279 357 277 742 1746 1236 646 1365 1477 961
177 1509 1158 1684 912 567 991 629
178 1593 949 976 835 839 1289 1020 1747 1488
179 1975 1368 1859 913 1306 1442 569 828 701 629 865
180 1584 1548 1044 1352 1101 321
181 518 1197 943 1966 1596 829 1805 1235 382 1591
182 1051 1218 1992 328 713 1610 670 228 574 1991 491
183 1843 732 963 183 1468 1599 458 481 1513 1921
184 555 233 651 1153 1121 1599 1239 599 732 1469 1164
185 303 1971 465 354 202 1716 712 1617 860 223 1123 1656 346 1212 1653
186 600 313 1242 625 971 954 1234 616 367 383 205
187 1573 1326 302 1070 1066 1535 386 1982 710 1912 1197 1143
188 696 1663 516 188 1471 761 762
189 1287 1705 948 1720 440 315 1091 588 1062
190 681 810 1456 821 822 1486 346 1914
191 1312 1993 460 835 1865 1267 704 1990
192 1876 1327 192 1771 1921 802 1887 1256
193 1032 529 921 777 1651 1469 966
194 1390 1428 307 1963 1810 1270 863 990 1224 366
195 642 522 1826 1871 1927 195 1054 1393 1034 431
196 1322 1208 1979 594 744 215 1693 502
197 1186 1744 1551 1989 925 1527
198 843 271 1597 595 750 1983 252 1838 379 1527 1115
199 1157 1927 1475 522 1612 1405 255
200 588 856 1690 1347 790 1092 1622 1854 1699 857 1644
201 1184 1672 1850 1130 1876
202 1971 721 465 712 1336 1617 354 1767 1389
203 1042 1307 1191 679 685 1908 624
204 946 1035 1194 225 1485 941 611 1137
205 1333 1266 413 514 235 1295 876 590 1373 767
206 523 543 820 326 1219 1719 1213
207 1966 1061 1920 1414 267 1166 273 1670 307 452 1590
208 705 265 1794 1420 1183 1453 796 1050 302 1090
209 1249 1853 1791 1007 1928 209 1196 1209 1495 844 979 990 1517
210 392 413 1686 1295 514 588 767 1865
211 1672 1850 1858 1860 1120 1323 1332 1526 1883
212 905 1813 1836 1232 1671 234
213 893 292 1882 1868 1149 1052 1822 837 443 648 1532
214 1181 1189 831 587 1438 247 1079 650 238 974
215 1089 1049 1911 1432 678 1728 1861 1751 1885 621 419 498 378
216 1801 1933 1171 1873 879 1118 1703 1515 654 737 1154
217 1674 360 1713 1194 1485 432 1137
218 874 394 1829 1583 1464 449 1375 1032 1843 608
219 1332 949 1351 1761
220 1155 1931 1349 1709 506 1912 1019
221 643 1433 811 299 685 834 637 287
222 649 917 600 601 1521 1838 713
223 1971 699 1748 303 1872 370 1123 223 1219 328 1400 1024 1327
224 1031 798 680 848 1888
225 1194 1097 1041 1186 1137
226 532 1971 712 1748 860 717 1071 1639
227 1631 1599 458 599 732
228 1924 583 228
229 772 1704 673 1241 778
230 1220 661 877 411 1152 1241 230 1252 1812
231 1510 473 819 1588 1465 1469
232 659 1471 1229 329 1827 266 1996 377
233 874 1555 983 732 1997
234 1029 372 746 653 1813 1328 893 1232 424 507 351 1172 355 297 1260
235 804 348 1025 785 767
236 274 544 936 454 587 1359 238
237 518 1197 1965 826 1370 945 1390 1399
238 1181 455 587 1695 1056 544 1189 290 972 719 540 454 634 1706 473 1649 1516 1043 247 238 310 1055 1190 362 1776 831 936 297 1438 797 596 1675 1413 1590 633 1950 1840 1091 1063 1939
239 1032 425 1995 1618 1374
240 996 1789 1921 1800 1170 1986
241 345 1572 1133 750 1992 241 836 1409
242 498 1728 1089 242 1140 1740 1751 1911 1611 1750 1393 1151 645
243 790 817 324 1689 1622 1473 1658 1347 1690 388 446 987 322 450 1257 1096 1106 1675 970 895 959 708 1092 862 243 857 1854 962 1024 1139 509 1109 1971 1796 1328 252 587 1270
244 1026 409 1954 789 768 1910 392 1778 563 1402 1744 553 1741 918 451 1321 244 1847 1175 644 921 996 641 1051
245 520 412 1474 1507 1905 1634 1847
246 275 1488 1154 783 941 623
247 510 1055 544 587 634
248 1572 1055 1464 329 1229 1775 886
249 750 1035 1194 572 1101 1137 1155 264
250 505 1688 1294 1734 339 1141 1642 471 515 952 923 1712 1313
251 1536 1314 586 1285 1066 1660
252 1082 1597 574 1991 461
253 1840 704 1865 322
254 1034 751 317 1864 1703
255 642 1157 1737 1146 464 1431 1054 283 1405 1094 1964 255 496 1663 511 1948
256 1163 768 1419 553 1026 1332 1460 959
257 1957 1131 1109 814 577 808 460 1539 1677 1115
258 1982 1202 258 1266 341 1283
259 1901 1894 778 1501 666 298 776 395 781 427
260 742 260 1480 1819 1993 472 930 1583
261 1971 1774 977 261 1591 1702 724 1887 1939 1187 820 1079 326 1095 1739
262 787 1654 1285 1915 262 349 906 1173 1308 1314 586
263 283 632 384 1113 1838 263 414 635 766 1425 480 1160 1947 1786 1550 1555 1138 1805 749 983 866 1545 1759 842 1019 1669 296 1449 275 623
264 641 774 1144 653 560 1813 1328 351 1343
265 1420 683 1183 796 1570 1767 658 419 557 1733
266 1827 1168 1471 761 1612 1663 1607 1563 326 470
267 1298 1806 1848 1688 1576
268 1029 774 1813 507 473 1450 715 756 659
269 1672 840 907 954 1850 1858 1876
270 778 855 776 1901 786 1667 427
271 1677 1254 1016 1318 577 1142
272 602 272 1906 1771 1474
273 1292 1298 1090 397 1434
274 506 1556 1236 1427 1309 1614 276
275 1558 1260 384 1425 1805 1138 1709 1555 1174
276 1183 331 1681 800 925 1527
277 277 1699 459 959 1993 1365
278 662 1665 1525 278 1546 1773 1514 300 1408 458 1540 903 1305 423 1212 693
279 1258 990 1800 649 1170 1302 944 1521 1143 1182 805 1013 601 1032
280 434 654 784 1640 582
281 1984 896 1039 912 1684
282 1049 804 1432 1751 1728 1325 1117 1316 1089 1740 650
283 1797 1157 1927 1276 1737 1094 1054 1475 1242 1826
284 1432 448 619 686 1728 1740 1400 1514
285 780 1308 1039 794 567 285 1118 1160
286 965 1774 900 1713 441 420 1210 1125 287 554 1462 761
287 1129 375 1180 420 441 560 461 1064 1412 287 665 900 1108 742 1149 1713
288 782 783 989 940 288 807
289 520 1384 1875 1474 1906 706 1870 479 1511 1911 1346 1507 1006 1509
290 1214 1181 1056 437 1189
291 901 1542 525 1053 1263 1413 458 1209 1229
292 1586 1362 1099 1303 585 542 592 524 1112 1868 1562 443 1997 292 1694 1711 1594 1822 1138 463 1880 1137 1511 1647
293 901 668 1589 293 1542 944 301
294 1958 668 1825 509 525 1053 1642 1018 903
295 1554 672 997 1643 343 877
296 1338 1305 423 375 1200 1514 1773 477
297 797 719 831 473 455 1776
298 1479 1140 678 1151 1693 1923 1861 1751 1911 961
299 685 299 422 1338 546 1042 1081 1307 834 1735 1059 643 1337 811 1063 1433 679 1186 1569 1334 1191 489 1179 1005 535 1540 1351 1721
300 1741 1563 1665 662 423 1525 300 1503 1514 890 1869 1879
301 1542 405 525 1413 1825 1281 1018 1731
302 1931 1572 1573 318 1912 1214 1709 1335 1070 302 1211 475 363 1930
303 532 1123 1357 887 349 1813 1971 860 752 821 1882
304 1139 1282 689 1528 568 877
305 1534 1555 547 549 1936 443
306 324 1542 1290 525 408 1018 1594
307 1701 1238 1459 882 1329 1862 1564 1509 1976 1747 347 1482
308 1318 1286 782 1436 1493 1631
309 1798 1933 1310 571 808 725 741 1147 1236 879
310 1931 1392 1181 1055 1438 1485 831 1196
311 418 1452 722 1953 311 687 526 940 594
312 385 1908 474 1111 934 1224 460 1999 1747 1695
313 1264 453 645 1962 1472 334 1234 383
314 1924 805 1013 849 851
315 1712 1714 1585 440 674 588 1724 1887
316 1815 1451 1269 1163 1220 838
317 845 1961 1034 1862 452 667
318 1572 1326 1463 889 1155 1832 710 890
319 1933 436 1310 908 1162 1102 361
320 390 667 1865 716 559 1590 798
321 421 1548 1552 1424 1998 1984 447 1907 1352 1477 1291 1086 1231 693 1235 435 736 1100 1084 321 1044 1927 1281 1992 1265 1622 1428
322 1582 1675 1690 450 1327
323 1981 1469 562 1834 691 1403 825 873 342 1668 1588 380 1314 445 1286
324 1024 1675 817 959 1347 388 450 1096 962 980 1854 970 862 1622 1257 1287 1530 857 1139
325 944 1378 334 975 1978 1234 864 616 1264 383
326 563 523 910 919 820 1591 332 1702 620 1498 977 1739 967 612 1503 1846 1455 1476 694 1945 1095 1079 1918 1821 1746 1152 476 1285 568 1979 1315
327 1905 640 650 791 920 550 352 1398 327 484 964 439 1799 1874
328 1430 1051 961 1361 750
329 1601 1607 1168 1042 1121 761
330 1287 1705 440 1217 1108 1762 1066 403 1897
331 428 1844 1951 1640 1877 1271 1110
332 335 999 910 1945 543 820 1739
333 1837 1712 1720 440 1714 1287 1072 934 1843 1762 1902 679 1911 732 1252
334 1876 1447 453 802 645 1234 1851 383 1045 883 1236 616 1646 1264 625
335 1533 1103 942 751 1267 824 1034 1777 1933 695 772
336 1933 1310 1970 535 1516 1624
337 1542 514 413 1333 1752 1373
338 618 1788 415 815 1464 449 606
339 1642 1544 1272 970
340 784 1551 1951 428 1076 582 1609
341 978 1427 506 897 1004 1614 580 665 1987 1751
342 1817 1668 825 1299
343 1421 933 1704 1968 371 579
344 1753 1708 1399 1286 782 1426 1177 812 1294
345 1712 1720 440 850 1909
346 1036 1603 1253 996 1830 363 613 1988 1193 1584 821 346 568 630 1495 1580 1581 1238 1407 810 1486 874 1456 1060 681 490 1914 1376 1088 1688 1017 1922 1889 652 1644 1144 753 897 618 495
347 385 1976 1963 1908 360 1329 937 1710 1121 366 1265
348 829 1664 1817 1345 753 1808 1567 544 884 1019
349 778 395 1558 1894 1901 1705
350 1290 773 1032 425
351 774 653 1328 905 1065 911
352 851 553 1601 1142
353 1972 1551 1417 1377 610 1734 1751 1298
354 1582 759 1429 1304 546 688
355 1819 650 1266 1968
356 395 1558 427 1508 786 1608 393
357 1819 1993 1365 472 909 808 1919 742
358 1640 1814 1696 438 1853 985 486 1784 1209 358 1956 708 1520 1621
359 840 1345 782 570 698 701 1126 957
360 1428 1963 1999 1852 1641 1265
361 1796 1677 1935 657 1318 1530
362 540 831 362 1681
363 973 1178 821 1603 1495 618
364 514 1295 1333 1240 1360 767
365 1943 548 1608 1738 1987 365 1587 1911
366 1309 603 1428 1329 1203 1976 1224 1111 1999 842 1150 1810 1909 1862 882 1856 1963 1459 715 1195 1458 366 1265 1330 1433 424 1394 1829 1790
367 1207 864 616 606
368 1306 1294 1734 1772 1490 1141 1662
369 1159 1934 949 1351 1426
370 1971 823 712 1227
371 1718 929 1283
372 1029 774 1836 1232 653 1059 1722 1460
373 518 1965 981 1370 1966 1596 1310 1859 1946
374 974 1385 1919 744 1320
375 1815 1708 838 856 1250 714 1765 992 1428 1534 1514
376 862 1040 798 680 953 457 861 376 904
377 1581 1607 1775 1543 761 757
378 678 1911 760 1710 1112
379 750 1430 1992 1991 1717 1610 1976
380 539 1588 825 1981 984 1194
381 1875 1867 1201 1855 1985 1481 1891 1814
382 518 1197 1399 1946
383 1435 549 1472 1234 622 1447 975 1222 1646 625 1667 1264 864 1851 954 453 1242 1627 802 1960 1451 1678 1713 1416 828
384 1838 747 766 414 623 1550 1691 1625 1545 1138 480 983 1113 749 1947 1160 866 1805 384 635 1773 977 1823 1003 1291 1046 1555 517 1990
385 1976 573 1139 1856 460 1747 1641 1432 1351 1588
386 1538 737 1116 430 1969 779
387 640 999 1249 536 769 1423 770
388 427 850 1024 1793 708 1261 1622 1139 820 1680
389 1824 1295 413 748 488 1266 616 1034 1333 1879 1752 1373
390 1727 1840 604 945 1865 1636 1638
391 510 1452 1163 1926 418 1858 1297 1953 504
392 768 1026 1823 1175
393 1634 1615 1943 548 580 393 1058 1000 1987 1738 674 1007 1217 1654 1122 1645 1783 576
394 820 1611 1702 724 919 735 1498 1476 768 1559 543 1739
395 776 1501 1409 638 1938 1658 793 1894
396 1922 1304 799 922 787 541 1343 1739 1377
397 726 969 1921 718 600
398 1535 1808 1817 753 1851 897 1174 1835 1345 884 1019
399 1672 1860 1120 1134 1850 1876 1736 1921 1883 1130
400 1522 404 1360 402 1515
401 552 646 627 1980 1011 1428 538 1380
402 404 1674 1087 1841 1723 1515 1077 758 1288 1110 1069 1736
403 403 1764 1526 1306 1442
404 1815 1708 1792 1674 1275 1069 1087 673
405 1542 525 1288 560 1589
406 1120 1286 1290 525
407 1386 1530 616 477 1491
408 1280 1410 1484 408 1510
409 1656 1744 768 1321 1981 451 1778 1521 447
410 1971 1063 1306 1355 1438 1442
411 997 1554 411 1241
412 479 1474 520 706 602 1905
413 1824 1879 1752 1333 488 1782 1051 605
414 1545 1555 480 487 1838 1140 1132
415 1746 423 930 561 1731 1205 1464 608
416 1171 1803 1067 722 1726 928 418 1452 428
417 1158 1832 1164
418 1083 418 1659 722 504 597 915 1621 1722
419 546 796 1453 705 985 423
420 1462 1632 1412 441 1210 1763 618 1045 453
421 1306 1577 1442 1780
422 1905 1452 1307 1337 1446 811 685 1735 1262 1437
423 612 1665 772 924 662 1212 1773 890 1546 1514 519 1525 849 1152
424 1813 1232 653 1328 1272
425 1032 1692 914 1223
426 1794 527 1207 1833 1570 813
427 1301 1894 776 638 778 1259 628 693
428 1475 506 654 603 1951 784 428 690 1466 1891 582 1584 1349 1609
429 1560 1874 1681
430 1739 1182 1685 1936 737 756 720
431 1939 1322 1788 858 1509 431 1107
432 522 475 810 518 1197 981 1370 1399 844
433 1322 1939 1494 1153 946 1989 1562
434 759 1276 434 1054 1475 877
435 1235 736 1352 1489 1294 1725
436 1171 584 908 1047
437 1246 849 1974 534 437 1313 1698 725 1728 1286 851
438 778 1696 1007 830 1633
439 1622 439 1174 704 1990
440 1287 1065 948 578 1585 1714 1072 726 1712 1762 1091 809 588 1866 843 850 813 1902 931 1763 868 1021 500 1720 1217 1341 1837 1528 552 1688 1051 799 524 1311 1444 1460 1675
441 550 1412 1404
442 1590 1990 1629 600 1602
443 1001 1443 549 1303 1362 537 738 1112
444 1452 1922 792 556 799 677 1493
445 818 1478 1040 492 953 1031 457 1681 1808 1518
446 1854 1024 980 708 631 962 1347 450 1658 600 449
447 1291 693 1904 1424 1725 1622 574
448 1492 760 448 619 1387
449 1583 561 606 688 1849 1375 1731 1829 930 608 718 923
450 790 962 450 862 895 1106 1092 1580 1681 1257 1139
451 768 1026 1460 503 1823 1744 1049 1735 718
452 1324 1673 885 1022 904
453 1667 453 1234 864 616
454 1299 972 587 754 723 455
455 1659 1837 1169 797 1649 972 539 1780 1648 1256 1234
456 913 676 1759 1435 1225 1780 1681
457 883 907 1031 1040
458 555 863 1513 702 1237 739 1468 604 1104 1978 599
459 1955 1993 1524 1279 1746 1058 742 762
460 1459 1224 1270 1747 573 1963 1909 1999 1619 460 842 937 1111 735 1126 509 884 663
461 948 1412 1180 665
462 860 1347 1921 944 600 1895
463 518 1965 1205 1647 1583 1400
464 1797 522 1094 1871 1276 1762 821
465 1971 717 465 860
466 654 784 1724 1609 603 1607
467 1815 1701 1592 1225 1392 945 1887 1386 1260 1308
468 830 1032 777 529 660 1692 773 485 921 859 1015 1374 1663
469 618 1812 1273 594 1730 505 1624
470 1309 1525 516 1121 497 1629
471 1913 1417 1366 483 750 1377 622
472 1543 909 1819 472 1365 995 1993 1279 1746 537 1597 607 831
473 1609 1516 1189 539 1056 1776 797 1782 1000 1126
474 573 1458 1747 1781
475 1799 1069 1723 700 1360 1087 1506 1499 1483 632 1404
476 1989 880 1391 688 1606
477 521 1448 1198 1968 1075 530 1421 1804 477
478 1799 1069 1506 1136 1142 758
479 520 1474 1346 1870 602 1858 514
480 1150 1160 1545 1555 1385
481 536 1159 1928 651 599 1030 1239 1599 739 702 1132 755 1237 481 1653 1639 1020 1633 1699 1167 1986 615 1303
482 1812 1948 1061 1595 999 744 563 883
483 791 610 1141 483 1948 1889 1261
484 650 791 1226 631 508 1398 550 711 795 624
485 670 883 1032 696 966 1995 1743
486 990 1007 1689 1239
487 1683 1967 1928 1633 1853 1673 1784
488 1225 1345 1295 1333 1373
489 685 1081 643 1307 1042 1186 1778 918 1935 1690
490 1688 1178 1584 821 1859 618 1017 954
491 574 1983 1717 713 595 775 836
492 1888 492 1598 941
493 823 1208 594 1624
494 1924 1698 851 1431 990
495 1127 1553 1060 821 1495 1988 1238 1290 1760 841
496 1614 1545 1624 1025 1454 1517 1035
497 1324 770 1168 572 761 1663
498 1316 1575 1885 678 1151 1089 813 1117 1911 1400
499 1465 1981 1487 1403
500 578 588 1712 1138 857 543
501 899 1724 1000 902 782 812 1631
502 774 1857 594 598 1652
503 768 1026 1778 1402 1148
504 1803 510 1816 884 1994 1305
505 1433 546 1059 811 685 1081 1334 643 1186 866 1657
506 1415 1427 1556 1340 1361 978 1707
507 1172 1813 1127
508 793 631 1142 788 1387 1225
509 1288 1018
510 1803 526 1953 1452 1083 959 1389
511 1567 1170 944 601 1521 764
512 1878 611 1923 1035 622 1101 1137
513 1025 881 875 926 1293 841 1454 1769 1502 1516 1800 986 1371 1517
514 1648 1760 1761 1686 590 748 1005 1240 646 1295 1333
515 1405 1803 1261 1272 515 1734 1377
516 1015 1827 1775 516 1275 886
517 571 1423 1541 1887 1327 737 1256
518 1889 826 830 1716 981 829 733 943 1787 1205 728 1647 531 1399 1965 1348 518 1596 1556 758 697 1376 1882 1917 1966 1390 742 1734
519 1609 1678 1200 924 1613 1546 662 1305 1773
520 520 1507 1573 1084 1474 1742 1002 1903 908 1933
521 1595 1606 1444 1421 1968
522 1933 642 1405 1054 1737 731 1025
523 1095 854 543 1537 645
524 1060 1285 1694 568 547 1749
525 1542 1288 1018 1290 1564 652 1589 901 1263 1053 1825 527 1742 1037 1569
526 1926 1163 1803 1083 1973 928 1034
527 1676 1453 557 847
528 1253 1881 822 1207
529 931 696 660 914 1085 1995 1779 731 966 850 1843 1307 957 1618
530 1029 1075 933 1421 1281 1968
531 830 531 1359 1399 1634 1900
532 1626 1656 712 1913 1971 1357 752 980
533 1817 1835 1913 1900 1566 1345 730
534 1284 534 1246 1814 849
535 1933 1171 1970 808 1637 806 1554
536 1123 640 1812 1169 883 742 1262 1977
537 1822 707 1422 1811 1980
538 856 1637 538 854 1980 1009
539 1706 719 831 1043 544 1858 753
540 972 1516 1181 1573 544 936 1417 574
541 787 853 1343 799 1372 1317
542 1365 1073 1439 1586 1956 1711
543 977 910 1559 820 724 1187 1503 919 1079 735 1095 1702 1918 1821 1739 1455 620 1945 967 1591 1296 694 1498 1846 612 543 1096 1304 644 1973 1679 822 1408 1374
544 831 1299 936 1190 1438 713 827
545 1798 1933 1171 868 1044 1035
546 1433 1191 643 1334 685 1577 673
547 1326 1562 560
548 1000 1697 1245 1634 1738 1987 770 1450
549 1273 904 1303 1694 1135 1594 1362 1893 549 837 1562 770 1845 1099 589 727
550 1677 1416 650 791 631 1874 1155
551 1474 820 1693 1575 833 760 1140 1104
552 1546 627 646 1317 1092 1980 1380 1637
553 1402 1954 1321 763
554 1311 1167 1180 560 1462 665 554 1657 1600 689 1713
555 1778 1599 555 732 1618
556 787 1062 1343 1317 1922 1304 1557 1368 853 1047 1102 997 1340 794
557 1794 1207 1659 573 940
558 1621 998 929 1328 1968 1075 1606
559 1258 618 581 1006 1602 1990
560 1762 1334 900 1713
561 1370 1028 1621 1977 1255 561 608 1583 1375 1243 942 1345 1504 606
562 1668 935 1369 1465 819 1981 1470 1469 1487
563 768 1026 789 1175 563
564 1572 1694 1822 1845 1498 837
565 1796 1677 657 1530 1648 1254 1935 1364 1596 1027 1479 702
566 1799 1506 816 1515 884
567 600 1437 1188 1057 666
568 1036 1178 996 1603 618 1060 617 756 1017
569 1013 1949 1960 865 1526 1645
570 1284 1265 1555 782 812 1073 934 1679 591 975 1147 1631
571 1446 571 725 787 1868
572 880 1194 737 1101 1485
573 1745 1270 1852 1619 715 1999 1329 1856
574 1177 1082 1992 711 1610 750 1717 698 1991
575 1493 1613 1761 835 840 976
576 1612 1663 762 1003 1168 1827 1121 1607 1270 761
577 1677 1935 657 1254 966 1156 737
578 1287 931 1065 1720 918 588 1969
579 1977 1243 1491 1583 1260
580 1634 1750 1738 1263 651 1800
581 704 1952 967 1504
582 1512 1795 927 1724 1605 1076 1297 1271 1389 923 1135 716 831 1383 1707
583 1939 1509 1174
584 1162 908 780 1446 1801 1999 1455 1118
585 1052 1594 844 727
586 1367 1536 1173 1314 1308 1518 1285 1973 906 1937 1397 684 1579
587 831 587 1181 972 1438 1649 1189 1043 1190 1827 1877 1391 759 1476
588 1712 1108 1072 948 868 726 850 813 1705 1496 1217 1021 1382 1287 1763 1180 1577 1208
589 771 1594 1001 727
590 725 1710 1879 1373 1686 1230 1333 668 1602 1496
591 1815 1451 1959 968 1715 781 1534 1168
592 1815 599 1303 1562 1215
593 1280 1484 769 1401 1227 732 1753 994 1774 1325
594 1510 1979 594 609 1719 1730 598 1978 1385 916 1394 1375 1634 1664 1624 1662
595 945 820 949 723 724
596 1181 1055 1706 972 642 1776
597 1452 1953 652 1912 1935
598 916 1979 1273 1714 1662
599 1673 702 1153 1354 1237 1247 863 1513 1639 649 1631
600 1170 718 944 1302 1521 1895 1921 649 1766 764 1800 610 601
601 717 1170 718 944 917 1895 601 778 753 992 1387
602 1474 1346 1353 1065
603 1027 1551 1951 1724 1445 1389 1234 667
604 1590 1602 1990 738 1865 1381 1297 1636 1638
605 1435 982 1355 1387 1564 865
606 1692 1829 688 1464 1243 608 1667
607 650 1233 920 1361 924
608 1809 1370 680 1030 1621 1977 1674 1106
609 1979 1624 744 878 1662
610 1544 1734 1642 1977 1772 1272
611 1749 777 1035 709 1485 1727 1229 1137
612 820 1739 967 724 1586 1618
613 821 1407 1584 1500
614 640 899 1046 1802 1757 1755 999 1176 1249 614 861
615 1334 906 1300 1173 1997
616 645 1222 1234 1630 1164 1242 616 1960 720 975 870 954 1105 1851 1472 1667 1378 1646 1390 1494 920 1984
617 1798 1162 908 1933 1310 1446 1873 1118 1095 782
618 1964 1178 821 1603 1988 1495 1580 618 681 867 630 1253 996 1088 1048 1456 1830 1756 1500 1486 1376 1914 1060 1766 1926 1608 803 1278 701
619 804 686 1140
620 860 820
621 1683 670 1565 1701 1467 1260 888 1785
622 1134 1835 645 1234
623 1329 1545 1425 766 1550 983 1248
624 1416 788 791 1226 631
625 645 954 1234 864 1264 1435
626 1175 1541 1182 1327 737
627 1136 701 1825 1671 1234 1422 1811 1380 1009
628 1677 1935 1318 1648 1184 1610
629 1971 712 717 1357 1694 1012 1264
630 1688 1048 1580 821 1603
631 1416 1398 920 788 1278 1277
632 1792 1069 1042 1505
633 821 657 668 1320 1101 1137 1782 1504
634 687 1056 821
635 1160 1545 1786 1947 1495 1291
636 1066 1326 1070 955 1349 1912 1323 1305
637 1935 1285 1173 1308 1314
638 776 1901 1301 1508 1727 1330 1040 1952
639 946 858 1788 880 1124
640 1802 1281 1169 1176 883 1249 1012 1600 1046 1818 1758 1755 1375 1760 788 1538 1389 1938
641 905 641 1450 1813 1518 1131 1679
642 1737 677 1157 1964
643 643 1191 1179 1735 1334 1338 1307 1063 1337 1186 729 1311 926 1045 1923 1341 1553 834
644 884 916 1652 1204 1165 1681 925
645 1630 1164 1667 1234 1627 1222 720 870 864 1668 1851
646 1148 1750 1637
647 1676 1833 705 1831 1420 658 796
648 1850 1293 773 1454 1517
649 764 1143 1800 1712 917 944
650 1738 1416 788 1398 920 1874 1226 1971 1609
651 1174 1653 702 732 739 1517
652 1203 1542 1413 1263 1414 668
653 1029 774 913 1172
654 1346 1388 784 1389 1248 1844 1724
655 1512 1655 1484 1510 1950 870 973 994
656 1508 1672 907 840 1323 656 1571 1850 1860
657 1539 1925 1677 1935 1016 1654 932 657 1001 1483 759 1441 1318 684 1555
658 1453 1050 1570 1699 1207 821
659 1457 1154 659 763 940 1406 844 807 1482
660 1399 773 1032 731 1601 1743 1618
661 986 754 672 1056
662 1212 1514 890
663 1494 1208 952 1261 1734 1772 1272
664 1206 1442 1577 1713 1355
665 1721 1784
666 1409 776 786 792 1508
667 1938 1986 1629 1865
668 1628 1589 1825 1053 668 1542 670 1121 1489
669 1310 1677 1809 932 1925 1001 1648 1714 1788 814 1479 1745 1718
670 712 1955 1392 1260 1958 1110
671 1815 1715 856 1532 938 1451 1080 1765 1534 1234 1101
672 1528 1554 689 997 1221 1562 1252 877
673 964 1049 1817 1855 754 1152 689 757
674 1783 1987 1930 1738 1000
675 971 993 1396 1225 675 1105 1958 1592 1339 1260
676 1381 1780 1387 1759
677 821 1306 982 1962 807 865 1526
678 1701 1316 1492 1049 1861 1575 1140 957 1509 1764 1089 1751 1911 1400
679 1569 1307 685
680 1446 1031 1790 818 846 1531 1996 1223 1068 861 848 1214 899 1867
681 1060 1193 1048 1580 810 910
682 1933 910 1752 1422 912
683 1050 1833 1570 1889 1733 1810
684 1539 1677 1935 1318 820 1479
685 1553 811 1081 1337 1063 1186 1191 1042 1433 685 1311 729 1735 1569 1338 1830 1803 953 697 1917 1780 1394
686 769 1316 1934 1089
687 1816 1067 1579 687 928 1083 958 1522
688 1592 1028 688 1621 1464 1885
689 820 1494 1643 877 1727
690 1431 784 827 1562 1844 1609
691 1793 1145 1487 1465 935 1350 825 1981
692 915 787 792 1557 1796 1236 1458
693 1552 693 1086
694 820 1846 1739 747 1480
695 1496 1495 1025 1454 1769 1517
696 1032 731
697 1174 1817 697 1345 1519 884 1019
698 1286 782 934 1631 1876 901
699 1971 1124 1357 712 1129 860
700 1522 894 1759 1499 1290
701 782 1436 1177 1880
702 1020 847 732 1653
703 1932 1677 814 1109 1001 1530 1318 1624 901 1648 1654 1173 1235
704 1840 1727 1986 1181 1281 1990
705 1794 1183 1420 705 1458
706 1507 1919 1742 1905 1739
707 1597 1992 1991
708 1024 1690 959 1347 1658 1367 1773
709 1956 1923 775 1035 1194 1443 1097 1101
710 1363 1709 1982 1155 1851 1912 1089
711 1364 1717 1218 812 1991
712 1971 1357 1123 1872 717 1617 721 759 1656 1626 878 1748 712 860 1311 938 1525
713 1566 1597 1991
714 1815 1451 1708 1367 1661 1534 1444 1464
715 1195 1459 1224 1270 937 1856 1348 1999 1747 1981
716 1952 1590 1629 1636 1638
717 1357 887 1582 752 878 1872 1626 1819
718 1720 1921 1170 944 917 1521 718 1463
719 928 1181 1055
720 1045 1222 1646 870 1234
721 965 1859 1014 1434 1609
722 1953 788
723 732 1430 1717 1664
724 1712 1296 820 1476 1739 864
725 908 1933 1171 833 1567
726 1705 1341 809 1496 1021 1837 1068
727 1530 884 904 1303 1630 1137
728 1197 1966 826 771 1370 1390 1399 1119
729 1433 1311 1569 1191 1541
730 1641 1664 1817 1808 884 1167 753 1345 1157 1900 1519 1913 1019
731 1032 1618 1374
732 1468 1030 732 755 739 863 1599 1513 1354 1153 963 1843 1239 1639 1237 1132 1023 1942 1681
733 1965 1966 1370 1858 1390 1399 825 1527
734 1357 1815 1451 856 848 1534
735 1296 820 782
736 1291 1984 1489
737 1685 1327 1887 1541 1182 737 1071 765 1256 1657 1771 779 1799 1930 1039
738 1986 1990 1629 1504 870
739 1599 1639 847 1515 1456
740 1928 1814 1633 1696 1929 1967 832 1520 827 1114
741 1171 1801 808 1310 741
742 1060 909 1819 1005
743 1025 926 875 1454 792 1769 1517
744 1510 746 1485
745 1314 1300 1660 1330
746 1029 774 905 1813
747 1876 1555 1947
748 1223 1333 1879 1240
749 1709 1539 1555 1838 1786 1594 1180
750 1051 1983 1218 1582
751 1258 751 885 1463 1144
752 823 1872 1374
753 1167 1817 884 1023
754 1552 1829 1684
755 1153 1354 1059
756 1887 1541 779 1071 1988
757 1554 1241 877 757
758 1069 816 1506 894 1299 1759
759 1971 965 1626
760 1432 1963 1140 1822
761 1110 1612 1121 1168 1015 1229 1275 761 1846 1410 762
762 770 1471 1612 1775 762
763 1154 795 1319 941
764 1754 1800 1302 944 1521 1186 1292
765 1842 1657 1671
766 995 1545 1555
767 1824 1752 839 1951
768 1910 1255 959 1954
769 1280 1312 1753 1227 1655 1410 1287
770 1347 1327
771 1474 1944 1698 969 851 871 1821
772 1678 772 924 1773 1514
773 1599 1023 905 914 1692 1743 1618
774 1172 1328 774 1127 1890 1988 886
775 1747 1025 854 1533 1194 1101
776 855 1501 1616 1558 1600
777 1187 1537 1032 957 1213 914
778 793 855 1508 1558 786 1008 1238 952 781 889 1724
779 1603 1423 1842 1758 1685
780 908 1933 808 1801 1790 869 1225
781 793 1501 1558 1706 1141 1635 1901 1296
782 934 1650 782 1221 1126 1073 1177 1732 1216 1880 1940 812 902 1679 1483 1426 1445 1004 1311 1149 1980
783 1154 1875
784 1640 1114 827 1609 1466 1757 1337 1724 1388 1389
785 1165 1942 1527 785 1681 925
786 786 793
787 1922 1557 1343 1062 1368 1304 792 787 1918 1543 988
788 1613
789 1050 1026 1847 789 1954 1460 1741 1402
790 1024 1793 1625 1689 1690 1347 1257 895
791 1522 1543 1416 1226 1233 1910 1708
792 1666 915 1557 1062 1317 1973 1184 1047 1059
793 1409 793 1522 1894 1456
794 1158 1684
795 1482 1697 807 1406
796 1453 1833 1794 1570 1420 1227 1842 1605 1183
797 1043 797 1523
798 1031 1478 1598 1068 1867 1332
799 1409
800 1165 1942 925 859 1744 1153 1527
801 1683 1592 1623 1396 881 1955 1260 996 1137
802 1820 1294 1105 1960 1937 1472 1234
803 1631 1430 1051 1566 961
804 1871 1858 1693 1151 1575 910 1885 1429
805 1157 1698 1557 969 1750 871
806 1933 869 907 808
807 1457 989 1482 1647 1576
808 1162 1933 942 1283
809 1705 1762 809 1706 813
810 1036 1238 1859 821 1603 1756 874 1017
811 1553 1042 1433 1186 1059 1334 811 1767 943 949
812 1631 1445 1314 1290
813 1287 1837 1763 843 868 1218 1712 1720 820 1660
814 1796 1677 1318 1558
815 1829 1255 1583 1731 817
816 1669 1799 1077 1787 1136 1226
817 1644 862 1689 987 1106 970 1675 1529 1464
818 1555 1996 1899 1781 1745 953 1722
819 1981 1577
820 1065 1503 820 1611 1945 1559 1079 1739 1455 919 1187 1095 1918 1296 1498 1821 910 977 1702 1476 1006 1385 1251 1595 1649
821 996 1036 1688 1048 821 867 1914 1376 1603 1500 1988 1178 1830 1407 874 1253 1017 1486 1495 1088 1060 1584 1756 1193 1456 1581 1724 1221 1293 1978 1264
822 1156 1411
823 1971
824 1777 1358 1839 845 1233
825 1403 873 935 870 1469
826 1816 1596 916 1551 1747
827 1353 1551 1297 923 1076 1724 1609 1877 1389
828 1873 1720 1549 1306 1610 1764
829 1616 1965 1587 1370 1620 981 1399
830 1197 1587
831 1299 1043 1576
832 1400 1345 1300 1928 1696 1209 1633 1784 1141 929
833 1933 833 1310 1171 1179 1879
834 1433 1052
835 1289 1078 1119
836 1587 909 1819 901 1993 1365 922
837 1796 1937 1173 1594 1711 1362 1488
838 1669 1815 1765 1250 1367 1715 1356 1117 1395 1451 1342 1532 1972 956 1220 1080 1975 1269 1192 1960 1149 1566 1628 1868 968 856 1852
839 1161 949 1855
840 1698 1672 907 1571 1831
841 1267 1025 1884 926 1769 1517
842 1933 1459 1329 842 1747 1641 1639 1694
843 931 1712 1714 1091 1837 1332
844 941 844
845 1872 1839
846 1223 1760 861 1531 1327
847 1468 1599 1354 1239
848 1297 1722 953 1149
849 1924 1944 1313 969 1284 952 1188 857 1459
850 1287 1762 1763 1712 1311
851 969 1698 1259 1561 871 851 1924 1358 1415 1887
852 1903 852 1182
853 1666 1047 1317 1062 1343
854 1414 1194 1101 1137
855 1933 1301 1901 1661
856 1815 1451 1202 1975 968 956 876 1959 1080 1269 1125 1117 1972 992 1192 1715 1356 1395 1708 856 1367 1532 1765 1147 1220 1250 1534 928 1847 1464 1096 1300 894 1071
857 1092 959 1024 1106 1257 1622 987 895 1285
858 1758 1400 1199 1107 1494 1165
859 1681 925 1204 1527
860 1971 1872 1748 1626 878 1185 1124 1234
861 1598 953 1531 1890 1478 1143 1886
862 1690 1854 1096 1622 1047 1257
863 1828 1239
864 1918 1234 1242 1630 1045 1627 1105
865 1511 982 952
866 1555 1947 1771
867 1798 1912 1036 1060 1830 1709
868 1287 1707 1194
869 1801 1171 1446 1798 1244
870 1234
871 1284 1129 1259 1205
872 1224 1142 1219 1316
873 1668 1969 1470 1469 984 947
874 1894 1193 1603 1584 1500 1048 1756 1495 1771
875 1454 986 1769
876 1815 1451 1220 968 1534
877 1001 1528 1282 1408
878 1971 1124 1246 1419 1228
879 1798 1162 1933 1873 1074 1141 1276 923
880 1703 1505 1278 1989
881 1025 1293 1517
882 1971 1810 1428 1195 1963 1459
883 918 1061 1758 1046 1600 1948 1946 991 1739 1426
884 1270 1817 1033 1664 1913 1019 1567 1345 1174 1808 884 1835 1383 1167 1258 1337 1468
885 1916 1533 1961 1864 1358 1839 1258 885 1824 1028
886 1607 1663 886 1229 1551
887 1971 1123 1361
888 1091 905 1683 1955 1701 945 1260 1547 1605
889 1573 1931 1785
890 1212 1546 942 1517
891 1399 960 1554 1282 1376
892 1459 1783 1842 1681 925 1393 1527 1742
893 1029 1813
894 1674 1087 1736
895 1675 1690 962 959 1106 980 895 1096 1793 1658 1854 1436 1744 1191 899
896 1188 1039 912 1344 1115
897 1529 1379 1274 1340 1309 1982 1661 1614 1361 978 1277
898 1280 1410 1950 1655 1510 1594
899 1901 1012 1538 899 1061 1574 1662 1812 1429
900 1412 1210 900 1220 1064 1454
901 946 1391 1542 1825 1589
902 1286 1445 1483 1732 1150 1177 1631
903 1228 1881 1411 1038
904 1408 1868
905 1029 1813 937
906 1883 1308 1718 1947 1173 1314 1973
907 1807 1886 1010 1858 1860 1876
908 1118 1933 1171 1815
909 1543 1536 1819 1365 1268
910 915 1006 1739
911 1539 1677 1568 1994 1530
912 1039 1684 1449 1182
913 1037 1511 926 1949 982
914 1358
915 915 1557 1922 1304 1892 1983 1863
916 1624 1719
917 1171 1512 944 1143
918 1954 1778
919 1455 1187 1996
920 1002 1416 1142 1207 1426 1599
921 1360 1032 1618 1007 1692 1198
922 1036 1199 1322 946
923 1877 1609 1388 1551 1563
924 1116 1514 1546 1386 1212
925 1681 1204 1941 1393 1315 1527 1652 1942 1331 1177 1818
926 1869 986 1547 1480 931 1315 1454 1769
927 1605 1114 1891 1102 1609
928 1163 1816 1579
929 1860 1607 1804 933 1968
930 1723 1531 1375 1464
931 1287 1705 1382 1428 1720 1902 1815 1318
932 1539 1925 1677
933 1788 1198 1344 1066 1234 1968 1075
934 1286 1436 1401 1631
935 1227 1541 1668 1403 1834 1499 1469
936 1706 1649 1299 1892
937 1428 1862 1810 1265 1999 1747
938 1318 1804 1421 1448 1968 1726
939 1534 1683 1565 939 1225 1623 993 1260 1589
940 1154
941 1388 1319 1671
942 1961 1916 1839 1866 1258 1014 1936
943 988 1348 1851 1965
944 1019 944 1521 1800 1170 1302 1143 1916 1179 1978 1216
945 1683 1359 1396 1565 971 1623 1260 1197
946 1939 1703 1322 1989 1278 1505 1788
947 1623 1260 947
948 1712 1866 1684
949 976 1351 1934 949 1119 1855 1289 1613 1488 1417
950 1205 1461 1881 1118 1228
951 1037 1306 1435 1387 1526 982
952 1714 1294 1946 1141
953 1996 1531 1892 1625 1457 1722 1781
954 1166 1667 1234 1264
955 1573 958 1572 1214 1709 1308 1702 1912
956 1669 1815 1451 1708 1202 1367 1677 1468
957 1124 1032 1743 1618
958 1066 1326 1912 1682
959 1689 1106 1854 1622 1793 1139
960 1464 1849 960
961 1459 1051 1597 1991 1610
962 1024 1690 1139 1035 1888 987 1644 1728
963 1153 1237 1132 1813
964 1920 1795 1670 1298 1682 1090 1687 1414 967
965 1582 1656 1767 1872 1123 1453 1380
966 1032 1213 1717
967 1559 1846 1739 1845
968 1815 1669 1395 1117 1534 1221 1137
969 1561 1093 1974 1698 1791
970 1573 1690 1675 1444
971 1507 1054 1339 1225 1785
972 1189
973 1512 1401 1280 1510 1313 1912
974 1979 1730 1857 1624 1662
975 1627 1222 1893 1234 1264
976 1047 1215 1205
977 1476 1739 1531 1769
978 1427 1661 1614 1274 1023 1769
979 1831 1032 1618 1651 1350 1780 1863
980 1024 1690 1347 1096 1649 1885
981 1716 1399 1290
982 1306 1929
983 1555 1113 1425 1156 1625 1138
984 1469 1834 1145 1470 1055 1599 1770 1878
985 1872 1814 1604 1633 1520
986 1025 1502 1371 1244 1710 1884 1591 1769 1517
987 1347 1812 1466 1137
988 1933 1197 1965 1399 1390
989 1671 1417
990 1814 1754 1604 990 1791 1633
991 1672 1571 1831 1858 1860 1876 1915
992 1815 1451 1202 1356 1534 1965
993 1410 1683 1701 1396 1592 1339 1386 1315 1413 1072 1260 1520 1773
994 1950 1410 1280 1774 1401 994 1312 1092 1359 1510
995 1365 1268 1436 1646 1942
996 1060 1238 1603 1814
997 1916 1738 1282 1554 1252
998 1236 1895 1448 1704 1198 1968
999 1802
1000 1697 1058 1738 1608 1000 1783 1336 1497 1828 1987 1943 1136 1986 1734
1001 1796 1677 1441 1318 1364 1935 1654
1002 1673 1474 1906 1353 1570 1539
1003 1432 1121 1669 1015 1663
1004 1614 1004 1467 1241
1005 1295 1879 1782
1006 1559 1187 1739 1006
1007 1814 1209
1008 1558 1301 1635 1894 1433
1009 1422 1637 1815
1010 1672 1858 1860 1876 1883 1629
1011 1238 1811 1263
1012 1341 1538 1521
1013 1924 1750 1944
1014 1103 1839 1379
1015 1275 1121 1775 1471 1379 1364
1016 1677 1318 1288 1530
1017 1603 1238 1060 1581 1988 1688 1807 1074 1314
1018 1263 1053 1825 1018 1290 1564 1583 1141
1019 1954 1033 1383 1835 1167 1913 1519 1336 1840
1020 1558 1306 1138 1599 1168
1021 1837 1712 1206 1986
1022 1326 1214 1912 1363 1573 1711
1023 1815 1062 1580
1024 1793 1675 1139 1166 1689 1690
1025 1517 1547 1480 1769 1454 1418 1884 1025 1244 1371 1293 1502 1710 1708 1596
1026 1419 1789 1823 1321 1460 1910 1619 1595 1369
1027 1090 1434 1795 1687 1166 1682 1820 1848
1028 1464 1731 1789 1241
1029 1836 1029 1813 1144 1792 1450
1030 1153 1843 1132 1653 1354
1031 1996 1223 1602 1531
1032 1692 1213 1743 1651 1618 1374 1271 1325 1379
1033 1664 1900 1033 1817 1345 1913
1034 1533 1839 1961 1864 1141
1035 1376 1802 1930 1923 1137 1035 1104 1878 1897 1863 1097 1910 1194
1036 1988 1580 1495
1037 1549 1962 1733 1306
1038 1765 1139 1053 1881 1491 1228
1039 1306 1437 1158 1039 1635 1389
1040 1260 1068 1578 1790 1888 1531
1041 1160 1923 1137 1372 1520 1194 1897 1990
1042 1338 1186 1179 1311 1601 1307 1308
1043 1420 1299 1776 1960 1181 1189 1438
1044 1954 1725 1904 1424
1045 1378 1242 1590
1046 1169 1262 1569 1948
1047 1666 1317
1048 1407 1688 1088 1559 1060 1193 1603 1486 1946
1049 1751 1325 1728 1089 1911
1050 1207 1676 1749
1051 1738 1430 1082 1542 1112
1052 1559 1887 1135 1956 1443 1594
1053 1413
1054 1431 1964
1055 1181 1056 1695 1190
1056 1864 1516 1580 1695 1189 1776 1615
1057 1684 1158 1115 1306
1058 1943 1608 1391
1059 1179 1338 1063
1060 1178 1756 1376 1500 1603 1060 1581 1407 1896
1061 1802 1176 1169 1574
1062 1922 1317 1576
1063 1433 1569 1186 1817
1064 1064 1412 1444 1462
1065 1108 1705 1712 1333
1066 1573 1066 1326 1349 1912
1067 1163 1926 1252 1452 1776 1233
1068 1075
1069 1674 1515 1077 1069 1506 1360 1732 1120 1736 1331
1070 1572 1982 1335 1834 1912 1722 1231
1071 1541 1327 1423 1256
1072 1287 1705 1837 1763 1762 1438
1073 1781 1679 1177 1631 1650 1101
1074 1269 1536 1380
1075 1448 1606
1076 1563 1179
1077 1674 1515
1078 1927 1761 1389 1488
1079 1162 1739
1080 1815 1532 1959 1125 1476
1081 1186 1798 1660
1082 1218 1717 1082 1941 1992
1083 1816 1452
1084 1548 1424 1984 1452 1100
1085 1692 1350 1618 1112 1374 1779
1086 1548 1235 1352 1689 1477 1998
1087 1499 1938
1088 1830 1193 1988
1089 1325 1861 1432 1492 1140 1316 1268 1338 1911
1090 1510 1414 1670 1166
1091 1705 1837 1363
1092 1690 1102 1139
1093 1924 1561 1750 1690
1094 1431 1475 1927 1677
1095 1296 1804 1739 1630
1096 1689 1793 1467 1672 1528
1097 1603 1194 1863 1101 1137
1098 1539 1677 1935 1318 1479 1654
1099 1845 1586 1099 1112
1100 1911 1231 1725 1100
1101 1430 1194 1485 1930 1137 1923 1104 1863 1372 1124 1563 1238
1102 1801 1933 1798 1746 1454
1103 1301 1324 1839 1722 1258 1799 1314
1104 1140 1923 1194 1485 1320 1200 1897
1105 1725 1472 1234
1106 1473 1874 1622 1984
1107 1989 1788 1556 1980
1108 1287 1217 1705 1338 1496
1109 1837 1539 1677 1479 1475 1685
1110 1742 1229
1111 1852 1747 1619
1112
1113 1157 1160 1555
1114 1844 1813 1519
1115 1783 1684 1158
1116 1685 1327 1842 1771 1887
1117 1669 1815 1451 1220
1118 1933 1801 1216 1715
1119
1120 1672 1876 1541
1121 1229 1154 1136
1122 1697 1738 1987 1615 1122 1819 1783
1123 1971 1748 1449 1663
1124 1582 1971 1730
1125 1798 1815 1708 1202 1220 1765 1549 1681
1126 1631 1286 1158 1923 1137
1127 1328 1813 1344
1128 1159 1985 1613 1593 1675 1782
1129 1313
1130 1850 1883 1858 1892
1131 1677 1318 1479 1539 1654 1786 1648 1697 1751 1662
1132 1468 1239 1373
1133 1971 1666 1601
1134 1672 1858 1883 1807
1135 1245 1594
1136 1792
1137 1484 1930 1320 1194 1878 1863 1137 1367 1207
1138 1555 1805 1213
1139 1777 1830 1690 1473 1689 1622 1658 1835 1599
1140 1751 1492 1728 1693 1575 1400 1958 1911
1141 1294 1946 1734 1707 1490 1453 1523 1272
1142 1780 1874 1226 1233 1142 1857
1143 1921 1895 1521 1354 1968
1144 1813
1145 1444 1588 1770
1146 1797 1157 1927 1987
1147 1815 1192 1451 1202 1888 1597
1148 1523 1422 1251
1149 1742 1303 1562 1439 1845
1150 1178 1810 1428 1459
1151 1839 1415 1693 1911 1740 1372 1409
1152 1573 1643 1780 1282
1153 1843 1611 1599 1354 1239
1154 1813 1671
1155 1982 1363 1912 1535 1672 1572
1156 1199 1505 1989 1509
1157 1737 1927 1276 1157 1554 1431 1964 1871
1158 1437 1622 1684
1159 1332 1201
1160 1561 1955 1555
1161 1481 1613 1985 1855 1326
1162 1873 1933 1476
1163 1953 1803 1926 1201 1816 1608
1164 1935 1261 1222 1234 1264
1165 1527 1429 1681
1166 1920 1414 1292 1687 1166 1806 1682 1469
1167 1817 1664 1383 1174 1900
1168
1169 1538 1281 1755 1818 1758 1806
1170 1766 1170 1627 1397 1383 1521
1171 1798 1446 1310 1220
1172 1172 1807 1729
1173 1285 1973 1718 1300 1397 1308 1660 1356 1314
1174 1519 1664 1345
1175 1460 1741 1744 1823 1954 1789 1747
1176 1281 1595 1354
1177
1178 1580 1677
1179 1433 1837
1180 1976
1181 1516 1190 1438 1649 1597 1370 1469
1182 1541 1423 1771 1256
1183 1712 1420 1833
1184 1539 1677 1745
1185 1979 1896 1919 1208 1438 1472
1186 1311 1186 1609
1187 1716 1559 1739
1188 1914
1189 1190 1218
1190 1846
1191 1334 1553
1192 1669 1815 1269 1192 1620
1193 1688 1253 1603 1221
1194 1320 1863 1923 1485 1897 1372 1930 1814 1787 1880
1195 1428 1909 1482
1196 1349 1929 1754 1853 1604 1696 1814 1633
1197 1370 1348 1358
1198 1198 1606
1199 1729 1650
1200 1979 1665 1212 1514
1201 1846 1593
1202 1815 1728 1715 1220 1835
1203 1810 1999 1458 1851
1204 1681 1880 1527
1205 1206 1985
1206 1596 1370 1602
1207 1676 1570 1453 1833 1786 1733
1208 1433 1539 1719 1662 1211
1209 1814 1754 1520 1633 1784 1791 1251
1210 1300 1239
1211 1355 1211
1212 1274 1665 1525 1408 1678 1773 1546 1212 1656 1514
1213 1749 1213 1651
1214 1931
1215 1934 1613 1911 1985 1761
1216 1631 1436 1267
1217 1837 1496 1341 1237 1397
1218 1268
1219 1813 1597 1361 1610 1454
1220 1815 1959 1451 1972 1532 1669 1975 1395 1356 1850 1354
1221 1436 1650 1849 1643
1222 1447 1310 1234 1646
1223 1299 1531
1224 1428 1459 1909 1270 1521 1999 1747 1641
1225 1683 1260 1386 1411
1226 1791
1227 1774 1401 1510 1428
1228 1680 1587
1229 1612 1607 1699 1663
1230 1645 1295 1333 1752 1546 1879
1231 1737 1489
1232 1328 1392
1233 1836 1416
1234 1382 1667 1242 1447 1630 1378 1472 1851 1264 1646 1960 1376
1235 1489
1236 1560 1309 1361 1277
1237 1428 1254 1239
1238 1688 1584 1603
1239 1247 1417
1240 1333 1752 1373
1241
1242 1488
1243 1662 1583 1464
1244 1797 1963 1293 1869 1769 1517
1245 1856 1738 1697 1608 1645 1783
1246 1974 1441
1247 1354 1639 1599 1361 1513
1248 1970 1427 1560 1440 1361 1620 1563 1438 1575 1960
1249 1757 1281 1538
1250 1959 1708 1283
1251 1422 1700 1367
1252 1474
1253 1736 1584 1495
1254 1539 1677 1318
1255 1464 1977 1375 1625 1837
1256 1614 1423 1256
1257 1622 1766 1547
1258 1961 1358 1324 1839 1777 1267 1258 1769 1602
1259 1924 1944 1436 1775
1260 1683 1565 1592 1392 1623 1785 1386 1701 1958 1396 1467 1955 1789
1261 1417 1294 1544 1757
1262 1538 1757 1547
1263 1628
1264 1634 1960 1646 1936 1638
1265 1459 1976 1999 1599
1266 1333 1752 1587
1267 1961 1839 1358 1762
1268 1819 1446 1722
1269 1815 1708 1331
1270 1852 1856 1747
1271 1297 1563 1951 1724 1609 1593 1913
1272 1294 1734 1544 1707 1946 1997 1360
1273 1719 1394 1544 1371
1274 1556 1361
1275 1471 1455
1276
1277 1560 1361 1824
1278 1729 1454
1279 1819 1746 1693 1900
1280 1312 1512 1510 1774 1843 1875
1281 1600 1948 1757 1878
1282 1643 1422
1283 1841
1284 1698 1924 1750
1285 1285 1314 1898 1718 1937 1518 1747 1308
1286 1786 1940 1445
1287 1382 1714 1447 1909 1705 1837 1712
1288 1951 1542 1460
1289 1934 1481 1351 1411 1855
1290 1712 1833 1571 1564 1290
1291 1984
1292 1414 1670 1806 1885 1491 1880
1293 1480 1296 1769 1517
1294 1544 1772 1946 1366 1707 1642 1319 1734 1490
1295 1469 1295 1686 1782 1373 1363 1333 1752
1296 1318 1559 1739 1456
1297 1551
1298 1920 1820 1687 1806 1576 1544
1299 1931
1300 1414 1915 1898 1314 1660 1536 1718 1308
1301 1409 1901 1902
1302 1495 1322
1303 1997 1822 1711 1801 1443 1749 1734
1304
1305 1340 1408 1546 1525 1514 1773
1306 1549 1355 1764 1511 1435 1381 1387 1351 1442
1307 1328 1433 1879 1311 1576
1308 1536 1937 1308 1915 1718
1309 1936 1556 1614 1620 1743 1681
1310 1933 1446 1873 1913
1311 1311 1794
1312 1510 1950 1401 1753 1524
1313 1319 1447
1314 1565 1937 1718 1518 1397 1536 1440 1779
1315 1818 1681 1652 1527
1316 1516 1751 1740 1522 1400
1317 1922 1761
1318 1677 1994 1318 1364 1925 1796 1441 1479 1745 1814 1764
1319 1457
1320 1863 1842
1321 1612
1322 1709 1703 1494
1323 1847 1672 1876
1324 1864
1325 1693 1728 1684
1326 1572 1709 1912 1326 1933
1327 1685 1423 1327
1328 1813 1464
1329 1677 1963 1459 1810 1999 1747 1461
1330 1736 1538 1963 1873 1976 1999 1747
1331 1999 1941 1681 1393 1527
1332 1683 1855 1827
1333 1478 1879 1752 1333 1622 1782
1334 1569 1337
1335 1931 1572 1573 1709 1763 1349 1464
1336 1497 1634 1697 1738
1337 1674 1553 1433 1569 1500
1338 1569 1659
1339 1592 1683 1392 1381
1340 1415 1514 1527
1341 1705 1712 1585
1342 1669 1815 1451 1975 1995 1813
1343
1344 1344 1704
1345 1383 1664 1567
1346 1875
1347 1793 1690 1473 1726
1348 1716 1803 1370
1349 1573 1982 1496 1854 1589
1350 1779 1350 1651
1351 1593 1934 1584 1493
1352 1424 1552 1477
1353 1474 1353 1905 1507 1742 1467 1875 1384 1735
1354 1807 1843 1354
1355 1796
1356 1669 1815 1451 1971
1357 1971 1972
1358 1871 1961 1408 1568 1804
1359 1826 1452 1565 1592 1467
1360 1723 1736
1361 1661 1620 1415 1529 1614 1407 1654
1362 1622 1826 1749
1363 1573 1912
1364 1677
1365 1993
1366 1417 1734 1366 1772 1972 1466 1377
1367 1669 1815
1368
1369 1668 1469 1770
1370 1587 1596 1647 1399
1371 1526 1517 1769
1372
1373 1752
1374 1537 1743 1897 1928
1375
1376 1830
1377 1734 1544 1707 1490 1642 1979 1480
1378 1378
1379 1936 1614 1529 1699 1513
1380 1422 1380 1700 1611
1381 1549 1980
1382 1705 1837 1712 1720 1762 1736
1383 1817 1900
1384 1875 1522 1903 1905 1853
1385 1738 1978
1386 1785
1387 1444
1388 1551 1877 1389
1389 1724 1609 1844 1466 1891
1390 1587 1763
1391 1788
1392 1683 1958 1467 1785 1812 1665
1393 1681 1739 1465 1527
1394 1719 1624 1662
1395 1943
1396 1499 1701 1445 1554
1397
1398 1936
1399 1799 1399 1716 1787 1587 1605 1557 1706
1400 1603 1625 1751 1575
1401 1753 1965
1402 1741 1799 1473
1403 1469
1404 1522 1736
1405 1964 1871
1406 1406 1948
1407 1456 1603
1408 1525 1546
1409 1558 1450
1410 1655 1510
1411 1433 1680 1881
1412 1721
1413 1628 1932
1414 1670 1820 1806 1687 1414
1415 1440 1415 1936 1556 1661 1620 1690 1854
1416
1417 1490 1946 1544 1557
1418 1992 1454 1884 1724 1769
1419 1847 1954
1420 1733 1570 1833
1421 1804 1483 1968
1422 1700 1714
1423 1738 1541 1887
1424 1786 1907 1833 1552 1489
1425 1579 1425 1555 1947 1838
1426 1483 1732 1631 1766
1427 1512
1428 1862 1747 1976 1963 1605 1852
1429 1451 1962 1681 1942 1527
1430 1992
1431 1797 1826 1871 1999 1773
1432 1492 1728 1432 1861 1469
1433 1569 1433 1553 1495 1637
1434 1920 1687 1576 1848 1598 1779
1435 1539 1435 1631
1436 1880 1483 1650
1437 1684 1832 1449
1438
1439 1749 1868 1491 1594
1440 1936 1440 1620 1920
1441 1677 1530 1745 1734
1442 1759 1764 1528
1443 1822 1711 1493 1594 1749
1444 1588 1981 1469
1445 1702 1631 1960
1446 1933
1447 1667
1448 1968 1448
1449
1450 1597
1451 1901 1669 1815 1765 1534 1708 1959 1451 1595 1689 1787
1452 1452 1659 1816
1453 1676 1733
1454 1547 1454 1517 1769 1869 1480 1502 1710
1455 1821 1846 1739
1456 1626 1580
1457
1458 1459 1999 1641 1940
1459 1908 1641 1909 1862 1810 1558 1999 1747 1619
1460 1847 1789
1461 1748 1784
1462 1798 1632
1463 1931 1572 1709 1535 1912
1464 1849 1491 1977
1465 1941
1466 1563 1844 1724 1877 1640
1467 1927
1468
1469 1971 1969 1469 1834 1487
1470 1791 1834 1487 1969 1524
1471 1607
1472 1627 1630
1473 1793 1675 1690 1854 1823
1474 1906 1875 1905 1474 1870 1809 1742 1676 1751
1475 1797 1826 1886 1871
1476 1702 1846
1477 1857 1548
1478 1890
1479 1677 1935 1759
1480 1730 1517
1481 1922 1934 1493
1482 1816
1483 1631
1484 1510
1485 1863 1930 1853
1486 1914
1487 1834
1488 1555 1934 1985 1855 1493
1489 1542 1552 1489 1548 1907 1904 1668
1490 1734 1804 1824
1491 1583 1849 1977 1921 1757 1621
1492 1721 1911
1493
1494 1989 1788
1495 1581 1988 1500 1688 1929
1496 1705 1585 1511
1497 1912 1687 1738 1645
1498 1739
1499 1506 1674 1723 1517
1500 1859
1501 1673 1894 1901
1502 1991 1769 1517
1503 1559 1821 1739
1504
1505 1729 1939 1769
1506 1674 1736 1522
1507 1673 1905
1508 1558
1509 1729
1510 1950 1655 1512 1651
1511 1949
1512 1648
1513
1514 1808 1678 1665 1773 1525 1546
1515 1674 1792
1516
1517 1769 1869 1517 1710 1884 1852 1824
1518 1915 1973 1521
1519 1817 1913 1835
1520 1754
1521 1705 1895 1921
1522 1674 1736 1798
1523 1551 1609 1724
1524 1819 1746
1525 1546 1773
1526
1527 1681 1942 1652 1687 1753
1528
1529
1530 1796 1677 1539 1925 1682
1531 1722 1598
1532 1708 1534
1533 1839 1900
1534 1815 1972 1803
1535 1572 1573 1709 1912 1786
1536 1937 1898 1587 1660
1537 1585 1537 1779
1538 1574 1812 1818
1539 1796 1957 1925 1935 1654 1809 1648 1932 1568 1539 1897 1708
1540 1540 1928 1630 1967 1791
1541 1842 1771 1887
1542 1542 1564 1628 1611
1543
1544 1657 1707 1667 1700
1545 1805 1691 1545 1625 1555 1664 1838
1546
1547 1869
1548 1998 1804
1549 1949 1577
1550 1792 1555 1600
1551 1767 1551 1605 1891 1563 1724 1609
1552 1603
1553
1554 1643
1555 1691 1555 1947 1805 1786 1838
1556 1556 1592
1557 1666
1558 1901 1894
1559 1677 1918 1679 1821 1846 1739
1560 1614
1561 1944 1974
1562 1822
1563 1891 1947
1564
1565 1955 1858 1696
1566 1912 1983 1717 1864 1626
1567 1950 1959 1817 1900
1568 1677 1809 1994
1569 1655
1570 1794
1571 1886 1860 1858 1571 1876
1572 1931 1982 1912
1573 1709 1911 1912
1574 1802 1812 1595 1758
1575 1911
1576 1670 1682 1795 1981
1577 1962
1578 1815 1760 1838
1579 1926 1816 1953
1580 1581 1859 1603 1740
1581 1859
1582 1617 1971
1583 1596 1977 1867
1584 1688 1603 1756
1585 1705 1720
1586 1711 1845
1587 1965 1596
1588
1589 1589
1590 1952 1865 1636 1768 1629 1990
1591 1821 1739 1998
1592 1683 1701 1592
1593
1594 1817 1893 1845 1749
1595 1802 1600 1755 1678
1596
1597 1597 1983
1598 1790 1867
1599 1639 1843
1600 1802 1948 1755 1900
1601 1815 1636
1602 1865 1990
1603 1720 1830 1859 1988 1688 1914 1942 1672 1883 1861
1604 1994 1929 1754 1875
1605 1920
1606 1606
1607 1607 1989
1608 1828 1738
1609 1877 1640 1951 1677
1610 1923
1611 1945 1739
1612 1921
1613 1761 1630
1614 1936
1615 1750 1697 1943 1615
1616 1922
1617 1971 1823
1618 1995 1618 1861 1651 1768
1619 1937
1620
1621 1621
1622 1690
1623 1953 1958
1624 1644 1979 1857 1662 1896 1730 1941
1625
1626 1971
1627 1899
1628 1657 1632
1629 1990 1727 1629 1765
1630 1960
1631 1940 1679 1895
1632
1633 1967 1814 1928 1647 1717
1634 1738 1783
1635 1635 1849 1901
1636
1637 1980 1868
1638 1727
1639
1640
1641 1747 1908 1852
1642 1658
1643 1643 1669
1644 1690
1645 1738 1697 1980
1646
1647 1971 1968
1648 1925 1935
1649
1650
1651 1687 1764
1652 1681 1672 1953
1653
1654 1677 1796 1994
1655 1950 1899 1752
1656 1971 1872
1657 1657 1725
1658 1690 1694
1659 1894 1816 1953
1660 1898
1661
1662 1979 1919 1739
1663
1664 1664 1799 1817
1665
1666
1667 1960
1668 1770 1969
1669 1959 1904 1815 1819
1670 1687 1682 1899
1671 1848
1672 1850 1883 1886 1831 1678 1948
1673 1906 1905
1674 1841 1743
1675
1676 1794 1733
1677 1957 1677 1932 1745 1935 1925 1809 1994 1796 1710 1768 1849
1678 1755
1679
1680 1680
1681 1941 1942 1706
1682 1820 1687 1806
1683 1701 1785 1683 1844 1810
1684 1684
1685 1842
1686 1738 1824 1782
1687 1811
1688 1839
1689 1911
1690 1733 1854 1781
1691 1805 1908
1692 1779
1693 1693 1911
1694 1859 1845
1695 1695 1831
1696 1844 1929
1697 1943 1783 1850 1738
1698 1974
1699 1819
1700 1811 1700
1701 1958
1702 1712 1739
1703 1777
1704 1804
1705 1763 1837 1720 1762 1714 1929 1712
1706
1707 1734
1708 1815 1975
1709 1912 1931
1710 1769
1711 1893 1917
1712 1866 1762 1720 1714 1837 1906 1949 1717
1713 1721
1714
1715 1815 1715
1716 1889
1717 1917
1718
1719 1730 1896 1978
1720 1866 1902 1763
1721
1722 1781 1890 1892 1867
1723 1792
1724 1844 1951
1725
1726 1840 1727 1990
1727 1986 1990
1728 1740
1729
1730 1857 1896
1731 1933 1978 1849
1732 1940
1733
1734 1734
1735
1736 1841 1792
1737 1927 1871
1738 1783 1987 1828 1943 1738
1739 1945 1898
1740 1751
1741 1789
1742 1905 1906 1742
1743 1907
1744 1954 1744
1745 1796 1935 1925 1745
1746
1747 1999 1976 1810 1963 1856 1862 1852 1747 1882 1838
1748 1971
1749 1845 1822 1882 1893
1750 1944
1751 1932 1844 1911
1752 1879 1824 1782
1753
1754 1928 1967 1791 1870
1755 1812
1756 1797
1757 1948
1758
1759 1961
1760
1761 1855 1854
1762 1837 1763 1944
1763
1764
1765 1815
1766
1767 1971 1872
1768 1801 1865
1769 1884 1869
1770 1834 1981 1895
1771
1772 1996
1773
1774 1870 1950 1995
1775
1776
1777
1778
1779
1780
1781 1890
1782 1976 1824
1783 1987 1783
1784
1785
1786 1848
1787
1788 1939
1789
1790 1999 1899
1791 1928
1792 1799
1793 1854
1794 1916
1795 1920 1848 1806
1796 1926 1932 1994
1797 1826 1964
1798 1798 1970 1933
1799
1800
1801 1933
1802 1812
1803 1816
1804
1805 1846
1806 1848 1845
1807 1831 1850 1858
1808 1924
1809 1932
1810 1910 1999
1811
1812 1812 1948
1813 1836 1813
1814 1967 1928 1962
1815 1959 1972 1975 1815 1837
1816
1817 1835 1913 1817
1818
1819 1819
1820 1848
1821
1822 1893 1845
1823 1847 1962 1954 1910
1824 1879 1897
1825
1826 1927 1871
1827 1858
1828 1850 1828 1987
1829
1830
1831 1886 1860 1850 1858
1832
1833
1834 1939 1981
1835
1836
1837 1837 1887
1838 1938
1839 1961 1967
1840 1876 1865
1841 1841
1842 1887
1843 1947
1844 1951
1845
1846 1937
1847
1848
1849
1850 1886 1876 1850 1858
1851
1852 1976 1911
1853 1928
1854
1855
1856 1976 1999
1857 1979
1858 1876 1858 1860 1886
1859
1860 1860 1883 1983
1861 1911
1862 1925 1999
1863 1863
1864 1961 1957
1865 1902
1866
1867 1899
1868 1956
1869
1870 1906
1871 1964
1872 1971
1873 1933
1874
1875
1876 1883
1877 1877
1878 1930
1879
1880 1940
1881
1882
1883
1884 1936
1885
1886
1887
1888
1889 1890
1890
1891 1973
1892
1893
1894 1901
1895 1914
1896 1978 1979
1897
1898
1899
1900 1921
1901 1901
1902
1903 1903 1905
1904 1984
1905 1906
1906
1907
1908
1909
1910
1911 1911 1970
1912 1982 1931 1912
1913
1914
1915
1916
1917 1983
1918
1919
1920
1921
1922
1923 1930
1924
1925
1926 1926 1953
1927
1928 1929
1929
1930 1930
1931
1932 1935
1933 1933 1970
1934 1939
1935 1994 1957 1935
1936
1937
1938
1939 1989
1940
1941
1942
1943
1944
1945
1946
1947
1948 1984
1949
1950
1951
1952 1952
1953
1954
1955 1955
1956
1957
1958
1959
1960 1979
1961
1962
1963 1971 1999
1964
1965
1966
1967
1968
1969
1970
1971 1971
1972
1973
1974
1975
1976
1977
1978
1979
1980 1980
1981
1982
1983
1984
1985
1986
1987
1988
1989
1990 1990
1991
1992
1993
1994
1995
1996 1999
1997
1998
1999
