133 646 11 1422 1148 401 1811 537 538 1251 1700 1380 1637 552 1009 1074 1011 627 1980 126
1299 1043 539 540 1181 797 1055 1056 544 290 1695 33 1189 1190 1438 936 297 1706 310 831 454 455 587 972 719 596 214 473 362 1516 236 238 1776 1649 247 634
1145 323 1668 1487 342 984 1369 1469 1444 935 231 873 1834 1770 47 1969 562 819 691 1588 499 825 1465 1403 380 1981 1470
192 129 386 517 1541 779 1423 1685 1116 1182 1887 737 1256 1771 430 1327 1071 1842 626 756 1657 765
384 263 1160 1545 1805 1550 143 1425 275 1555 983 1113 1625 1691 1947 414 480 866 98 164 747 749 1838 623 1138 1786 635 766
318 1463 1155 1349 710 1931 1363 958 1022 220 95 1572 1573 1066 106 1709 1326 1070 302 187 110 1982 1335 1912 889 955 636 1214 1535
1025 513 136 648 1418 1547 1480 1293 841 1869 986 1371 1884 1244 926 1502 743 1769 875 1517 1454 1710 496 881 695
904 524 1303 1562 1052 1694 1439 542 1822 547 1956 549 1443 166 292 169 1711 305 1586 564 1845 1594 443 837 585 1099 1868 1997 589 592 1362 213 1749 727 1112 1882 1893 1135 115 1149
1036 1688 1048 1178 1060 1830 1193 681 810 1580 1581 1584 1456 821 568 190 1088 1859 1603 1988 1486 1238 1495 346 1500 1756 1376 867 996 1253 613 618 490 363 874 495 630 1017 1914 1407
705 1794 1733 647 72 265 137 1676 1420 527 208 658 1050 796 1183 1570 419 1833 426 683 557 1453 1207 63
1412 900 461 665 1180 286 287 1632 420 1064 42 43 554 441 174 560 1713 1462 56 1721 1210 60
1792 70 1799 1736 1674 400 1360 402 404 1404 1499 475 92 158 478 1506 167 1515 1069 816 1841 1136 1522 1077 566 758 632 1723 700 894 1087
960 449 579 1028 1731 77 338 1491 1621 218 1977 1243 606 415 1375 608 930 1829 1255 1583 688 815 561 947 1464 1849
1857 1730 196 5 1273 974 79 594 916 469 598 1624 1185 609 1896 1385 744 493 1394 502 1719 1208 374 1978 1979 1662 1919
642 195 1475 1797 1157 1927 1094 199 522 1737 1871 464 1431 283 1054 1826 1964 434 51 1146 1276 1405 255
896 1158 135 138 1039 912 1684 22 281 794 1115 285 1437 417 1057 1188 1832 1449 682 177 49 567
385 1810 1428 937 1195 1963 1329 1330 1459 307 1203 1458 1976 312 1852 573 1856 194 1862 1224 842 715 460 1999 1747 1619 1111 474 347 360 1641 366 1265 882 1908 1909 1270 1150
901 1542 1413 1288 1290 652 525 405 406 668 1564 1053 1628 1825 291 293 294 301 1263 306 1589 1018 509
1798 1801 1162 908 1933 780 13 1171 535 1310 545 1446 806 808 1970 436 309 571 319 833 584 1102 336 1873 725 216 1118 94 869 741 617 879
1474 1346 706 520 1673 1353 1742 1870 272 1875 852 152 602 412 479 32 289 1507 1384 1002 1903 1905 1906 245 119
258 1283 1411 903 139 1228 14 1038 528 1680 146 148 1881 38 1461 950 55 822 1211 61
512 1923 709 775 1863 1097 1930 1035 204 1101 1485 1104 1041 1878 854 217 1372 225 611 1320 1897 1194 1137 114 633 249 572
3 390 1938 667 1952 175 1840 559 1590 439 442 1726 1727 191 704 1986 1602 320 581 1990 1865 716 82 85 604 1629 1504 738 1636 1638 1768 253
260 836 1543 1993 459 12 909 75 1746 83 84 277 1365 472 89 1819 1699 995 357 742 176 1524 1268 117 1279
643 1553 1042 1433 1307 1179 29 1311 1569 546 1186 1059 422 1191 679 1063 811 299 685 1334 1337 1338 1081 65 834 71 1735 203 729 221 489 505
1926 391 1163 1803 526 722 597 151 1816 1659 416 928 1953 418 1067 1579 1452 687 311 504 1083 510
1287 931 1705 1065 171 809 1837 813 1712 1072 1714 1585 948 1720 440 315 189 1341 1217 578 1091 1866 843 588 333 330 850 1108 726 1496 88 345 1762 1763 868 1382 1902 500 1021
6 1159 1289 1161 1934 1201 178 1332 949 1078 1593 1215 1855 1985 575 835 67 66 839 1351 1481 1613 1488 976 1493 219 1119 1761 1128 111 369 381
1216 1732 1221 1286 902 1483 782 1679 1426 1940 1880 1177 153 25 1436 344 1631 1445 934 1126 359 812 1073 1650 308 501 125 698 570 123 701
128 1921 64 134 1800 649 397 718 462 1170 917 1302 279 600 601 93 222 101 1766 1895 944 240 1521 1143 764 511
514 389 9 205 1230 1295 590 337 210 1686 1879 1752 1240 413 1373 1824 488 235 748 1005 364 1266 1333 1782 767
576 770 516 1607 329 266 1612 1229 1168 81 470 1110 1121 1827 232 1003 1775 1663 497 761 886 1015 248 377 762 1275 188 118 1471
1729 130 1156 1989 583 639 1939 1107 1494 922 858 91 476 1505 228 1509 1703 1322 431 1199 433 946 1391 880 1788 1278 127
1408 1665 772 519 1546 1678 662 278 1305 924 423 296 40 1514 300 1773 1200 1525 890 1212
1667 645 1164 1045 802 1447 1960 313 186 1851 954 1472 453 1222 325 334 975 720 80 1234 1105 1242 1627 1630 864 1378 870 616 1646 622 1264 625 367 383
1987 580 69 1608 393 1738 1615 23 1943 1497 1245 1697 1058 674 1828 548 36 1634 1122 1000 365 1645 1783 1336
768 256 2 1026 451 392 1419 1741 1744 20 789 918 1175 409 30 1823 1954 503 1321 553 1778 563 1460 244 1910 1847 1402 1789
1984 1 321 1477 1352 1291 1548 1100 1998 1231 1424 1552 1489 1235 1044 736 1904 435 180 693 1907 1084 1725 1086 447
327 1416 650 1226 1233 18 1874 788 791 920 607 352 97 355 484 550 109 624 1398 631 1142 508
1280 769 1410 898 1227 1484 973 655 593 408 1753 1950 1312 162 994 1510 1512 1774 1655 1401 122
1409 259 131 776 778 395 781 270 786 149 1558 1301 855 793 666 1501 349 1635 1508 356 99 1894 427 1901 1008 638
1664 1345 1033 398 142 1808 1167 533 1174 1817 730 1913 348 1567 160 1383 1835 172 1900 1519 112 753 884 697 1019
1272 515 1734 1544 1417 1294 1490 339 1366 663 471 26 1946 155 1377 610 483 353 1642 1707 1772 1261 368 1141 952 250
771 1284 1924 1093 969 76 17 849 851 21 534 1750 1944 1561 1246 159 1313 1698 805 871 1129 1259 494 116 437 1974 1013 314
1920 1090 1795 1027 964 1414 1670 267 1292 1166 1806 207 273 1298 1682 1687 1434 1820 34 1576 54 1848 124
1154 132 1671 74 1482 844 783 659 795 28 989 288 165 807 1319 940 941 1457 246 763 1406
7 532 45 1582 303 1971 823 185 699 965 712 202 1357 717 1872 465 721 1617 1748 1626 860 223 354 1123 1124 226 1767 759 878 752 370 629 887 1656
1225 971 1359 1683 467 1467 1623 1565 670 801 993 675 1955 1701 37 1958 1386 939 1260 621 1392 945 1396 888 1592 1785 1339
1400 8 1432 1049 282 284 1693 163 1316 804 678 1575 551 41 298 1325 686 1728 448 1089 1861 1740 1492 215 1751 1885 619 498 242 1140 1911 760 378 1151
1031 141 1040 798 680 1578 1068 818 53 953 1722 445 1598 1478 1223 457 1867 1996 846 848 86 87 861 1888 1760 1890 224 1892 1899 492 1781 376 1531 1790
1537 773 1032 777 529 914 660 24 921 1692 425 696 1085 957 1213 193 1350 966 1995 1743 1618 979 468 90 731 1374 350 485 239 1779 1651 1023
1669 145 1815 671 1959 1192 1451 1708 1202 1715 1972 1975 1080 58 956 316 1342 1220 838 968 714 1356 591 1367 856 1117 734 992 1250 1765 1125 876 1395 1269 375 1147 1532 1534
832 1540 1604 68 1928 1929 209 1814 985 1754 990 1696 1633 740 358 487 486 1196 1967 1007 1520 438 1784 1209 1853 1791
1536 1285 262 906 586 16 1937 1300 1173 1308 1314 1915 615 745 1898 1518 1973 1718 1397 251 1660 637
1430 1051 1566 803 1717 182 1082 1597 574 1983 961 1218 1219 1601 707 198 711 328 713 1610 1991 1992 78 723 595 100 102 103 872 491 108 1133 750 241 379 252 1917
0 897 1415 1274 1614 1936 1361 274 1427 1556 978 1620 341 1560 1236 1277 1309 1440 1248 96 1379 1004 1529 506 1340 1661
1152 1282 1554 661 1241 154 411 31 672 673 1252 997 230 295 229 105 1643 877 304 689 754 757 1528 121 891
518 531 1197 173 943 432 1965 1966 1587 1716 1205 1206 181 826 1596 829 830 1348 463 981 728 1370 988 733 1889 107 237 1390 1647 113 373 1399 1787 382
257 1539 1796 1925 1932 1677 1935 911 1809 657 271 669 1568 1441 1184 932 1957 1318 168 44 684 814 565 703 577 1479 1994 1098 1745 1364 1109 1254 1001 361 1131 1648 628 1654 1016 1530
1549 1037 913 403 664 1306 1435 410 1949 1442 676 677 421 1577 1962 179 52 951 569 828 456 1355 982 605 1759 865 1764 1381 1511 1387 1780 1526
452 1864 1034 845 1358 1103 335 1533 1961 170 1258 1324 46 1839 942 751 1777 1267 885 1014 824 1916 317 254
1344 1606 521 1804 1421 530 407 343 157 477 929 35 933 998 1448 1704 938 558 1198 1968 48 1075 371
1666 1922 396 1616 915 787 19 150 1557 792 1047 1304 853 1368 541 799 161 1317 1062 556 692 444 1343
1858 4 1860 1672 840 201 907 73 269 399 656 1807 211 1876 1883 1886 991 1120 1571 1831 1130 1323 1134 1010 1850
1153 963 1030 1354 651 140 458 1020 847 1237 1239 599 732 863 1247 481 227 739 1639 1513 233 555 1132 1843 755 1653 183 184 1468 702 1599
644 197 1165 785 1681 147 276 1941 1942 1429 859 925 800 1315 39 429 1393 1331 1204 1652 1527 892 62
1024 1793 388 1675 790 1689 1690 817 446 959 1854 1473 962 1347 450 324 322 1092 1096 200 708 970 1106 980 1622 857 987 862 104 1257 1644 1139 243 1658 895
261 394 523 910 144 1296 919 1559 1945 156 1821 543 1187 1702 1455 50 820 1846 1079 1591 694 57 1476 326 1095 967 1739 332 1611 206 977 724 1498 735 1503 612 620 1006 120 1918
640 1281 1538 387 899 1600 10 1802 1169 1812 1046 536 1176 1818 1755 1948 1757 1758 1249 482 1061 1574 614 999 1262 883 1012 1595
654 1551 784 1297 280 923 1563 1951 927 428 690 1076 1844 1466 827 1724 59 1605 582 1609 331 466 340 1877 1114 603 1891 1640 1388 1389 1523 1271
641 1029 774 264 905 268 653 15 1232 1172 1813 212 27 351 1127 424 1450 746 1836 234 1328 372 1144 507 893
