0 1379
0 1529
0 1274
0 506
0 1790
0 1936
0 274
0 1427
0 1560
1 1984
1 1477
1 693
1 1907
1 435
1 1998
1 447
1 1100
1 1084
1 1424
1 1575
1 1369
1 111
1 321
2 150
2 1954
2 1419
2 451
2 503
2 954
2 20
2 553
3 95
3 985
3 115
3 82
3 1986
3 738
3 1504
3 559
3 1726
3 1840
3 1053
3 1207
3 1540
3 442
3 704
3 1629
4 956
4 1886
4 1130
4 1010
4 1858
4 1672
4 1876
4 201
4 270
4 1652
4 269
4 399
4 1850
4 1120
5 680
5 1394
5 916
5 493
5 1134
5 1719
5 1979
5 196
5 594
5 502
6 178
6 1289
6 1119
6 575
6 1593
6 1201
6 1215
6 66
6 219
6 1572
6 1002
6 108
7 7
7 303
7 721
7 370
7 629
7 1124
7 465
7 823
7 887
7 1832
7 1309
7 580
7 1971
7 1872
7 223
7 759
8 994
8 1575
8 215
8 163
8 1140
8 619
8 944
8 1404
8 284
8 678
8 686
8 1089
8 1400
9 1272
9 1879
9 1333
9 1295
9 337
9 1108
9 590
10 1538
10 1818
10 1757
10 482
10 288
10 1249
10 883
11 234
11 506
11 1316
11 1412
11 1879
11 1305
11 552
11 1074
12 1543
12 1699
12 176
12 836
12 1586
12 1819
12 1993
12 472
12 1268
12 1941
13 1933
13 1970
13 725
13 309
13 1144
13 545
13 806
13 436
13 94
13 732
14 1232
14 822
14 1680
14 14
14 1228
14 1203
14 950
14 61
15 1029
15 774
15 1836
15 507
15 1737
15 1172
15 1813
15 1832
16 299
16 1175
16 1670
16 745
16 1898
16 1397
16 637
16 615
16 1536
16 1973
16 586
16 1296
16 822
16 1467
16 1660
17 1284
17 771
17 437
17 969
17 1067
17 1698
17 851
17 871
18 117
18 109
18 791
18 1874
18 311
18 327
18 1142
18 903
18 379
19 915
19 787
19 1304
19 396
19 853
19 1047
19 253
19 556
19 692
20 1026
20 503
20 1460
20 256
20 1175
20 244
20 392
20 1321
20 1847
20 1419
20 1497
20 337
20 1517
20 1954
20 553
20 451
21 1284
21 1093
21 494
21 1246
21 1313
21 771
21 1496
21 893
21 437
21 76
21 849
22 762
22 135
22 1684
22 896
22 417
22 49
22 1115
22 146
22 71
22 1188
23 1705
23 1529
23 393
23 36
23 623
23 1697
23 69
23 1738
23 1645
23 606
24 318
24 1531
24 1032
24 529
24 914
24 1085
25 1166
25 782
25 1880
25 1483
25 1436
25 1445
25 1679
25 370
25 765
25 586
26 1365
26 1294
26 1490
26 1141
26 155
26 1377
26 850
26 1734
27 653
27 351
27 1450
27 1029
27 394
27 487
27 499
27 401
28 1199
28 1154
28 783
28 795
28 28
28 470
28 1319
28 940
29 643
29 1553
29 1042
29 1307
29 1186
29 729
29 1909
29 1100
29 1059
29 685
29 1081
30 1026
30 1419
30 1321
30 1175
30 1121
30 244
30 1789
30 383
31 613
31 243
31 661
31 1554
31 411
31 997
31 1725
31 1007
31 672
32 479
32 1905
32 1346
32 852
32 1870
32 272
32 412
32 1696
32 1231
32 1353
32 798
33 1181
33 797
33 544
33 1649
33 1695
33 362
33 742
33 1950
33 238
33 1256
33 1035
34 1920
34 1434
34 1298
34 124
34 1820
34 34
34 54
34 964
34 428
35 1434
35 941
35 157
35 48
35 1350
35 1448
35 1704
35 1344
36 1943
36 1122
36 1645
36 1738
36 1725
36 1245
36 1000
36 616
37 675
37 939
37 621
37 1701
37 1898
37 993
37 964
38 1283
38 148
38 38
38 61
38 1309
39 144
39 800
39 429
39 1941
39 1429
39 197
39 1980
39 1527
40 1665
40 1678
40 423
40 1305
40 282
40 1773
40 890
41 1905
41 1049
41 678
41 760
41 1028
41 1089
41 1740
41 242
41 1100
41 1133
41 429
42 1060
42 86
42 900
42 665
42 287
43 871
43 287
43 1210
43 1632
43 50
43 554
43 56
44 851
44 1539
44 1677
44 1441
44 1318
44 669
44 1364
44 1615
44 380
44 1131
45 370
45 878
45 823
45 532
45 1550
45 1582
45 1971
45 185
45 1872
45 1617
45 223
45 167
46 1014
46 1916
46 452
46 1961
46 622
46 824
46 335
46 1258
46 885
47 244
47 562
47 1145
47 1369
47 819
47 1668
47 1951
47 825
47 1469
47 323
48 1415
48 1122
48 730
48 397
48 157
48 1071
49 588
49 958
49 138
49 1832
49 417
49 1437
49 135
49 794
49 281
49 1684
49 1158
49 543
49 1961
49 1940
50 1176
50 1296
50 1559
50 1945
50 543
50 1591
50 859
50 820
50 326
50 1739
50 1943
51 1157
51 1927
51 1826
51 434
51 642
51 464
51 1276
51 1054
51 283
51 1094
51 255
51 1475
51 1362
51 521
51 153
51 1871
51 913
51 1545
51 1234
52 971
52 913
52 664
52 1306
52 543
52 569
53 141
53 680
53 846
53 1478
53 1031
53 1899
53 1598
53 1610
53 331
53 1722
53 445
54 1920
54 1292
54 1298
54 1820
54 1795
54 1671
54 1846
55 258
55 148
55 1228
55 1283
55 1211
55 1881
55 1279
55 348
55 925
56 1180
56 174
56 441
56 1412
56 1632
56 1286
56 298
56 864
56 1471
56 470
56 1240
56 105
57 1821
57 543
57 820
57 120
57 1914
57 1739
58 145
58 1815
58 1451
58 1972
58 876
58 250
58 316
58 856
58 1677
59 1297
59 1076
59 1271
59 1523
59 59
59 1114
59 1388
59 454
59 469
59 582
59 1609
59 1640
60 158
60 1569
60 406
60 1412
60 287
60 174
60 1121
61 109
61 139
61 1082
62 1093
62 1026
62 1681
62 925
62 800
62 859
62 276
62 1997
62 895
63 72
63 1050
63 557
63 796
63 1794
63 290
63 1088
64 945
64 366
64 1921
64 1170
64 1302
64 944
64 601
64 1521
65 1433
65 1311
65 546
65 299
65 1081
65 505
65 230
66 178
66 1078
66 1215
66 1855
66 1985
66 976
66 1119
66 1488
66 778
66 417
66 549
67 1161
67 1215
67 1332
67 1481
67 835
67 576
68 1814
68 1209
68 985
68 740
68 209
68 1754
68 1007
68 1168
68 87
69 238
69 393
69 1943
69 819
69 1738
70 402
70 167
70 700
70 70
70 1736
70 475
70 478
70 1522
70 758
70 839
71 643
71 1553
71 1042
71 1307
71 1569
71 1186
71 679
71 811
71 299
71 685
71 1059
71 71
71 539
71 873
71 115
71 1668
72 647
72 1050
72 796
72 1183
72 1676
72 388
72 613
73 1672
73 399
73 1323
73 1858
73 1571
73 1883
73 1860
73 1010
73 1807
73 907
73 1327
73 1652
73 271
73 211
73 1876
73 1194
74 1451
74 1671
74 807
74 1154
74 1966
74 1406
74 1487
74 966
75 260
75 1819
75 1268
75 117
75 84
75 1524
75 1105
75 472
75 995
75 620
76 1259
76 1944
76 851
76 313
76 1052
77 1369
77 1028
77 449
77 1829
77 930
77 416
78 1051
78 1983
78 198
78 1991
78 1219
78 711
78 633
78 1457
79 510
79 1848
79 366
79 1185
79 1385
79 1394
79 1168
79 1662
80 1912
80 115
80 645
80 1851
80 870
80 313
80 682
80 1234
80 616
81 1471
81 1607
81 1229
81 1663
81 117
82 1032
82 644
82 442
82 704
82 1629
83 1813
83 995
83 89
83 83
83 117
83 765
84 1819
84 176
84 1993
84 995
84 459
84 357
84 1268
84 1699
84 1746
84 1124
84 462
84 117
85 198
85 667
85 704
85 320
85 354
85 604
86 412
86 270
86 282
86 680
86 1890
86 818
86 748
87 1871
87 1069
87 1031
87 1578
87 1866
88 931
88 440
88 1108
88 315
88 125
88 1021
89 1819
89 742
89 357
89 459
89 94
90 660
90 90
90 1085
90 350
90 777
90 244
91 623
91 130
91 1199
91 583
91 946
91 1107
91 1391
91 922
91 1505
91 228
91 1729
91 639
91 1509
91 1989
91 1156
91 1703
91 1939
91 433
91 858
91 1322
91 880
91 1788
91 476
91 91
91 1069
91 1746
91 1220
91 192
91 166
91 1278
92 330
92 1799
92 404
92 167
92 700
92 158
92 352
92 1515
92 1404
92 837
93 1989
93 1921
93 134
93 1170
93 917
93 600
93 601
93 1521
94 1933
94 1171
94 216
94 319
94 221
94 980
95 1463
95 955
95 318
95 958
95 1066
95 1535
95 608
96 897
96 274
96 1614
96 1004
96 341
96 429
96 1850
96 1333
97 650
97 791
97 550
97 484
97 1874
97 1301
98 1705
98 384
98 263
98 1555
98 983
99 270
99 1501
99 786
99 1301
99 781
99 259
99 1813
99 1894
99 705
99 981
100 400
100 518
100 708
100 294
100 574
100 707
100 1991
100 103
100 491
100 379
101 219
101 1302
101 944
101 600
101 601
101 222
102 1819
102 1196
102 286
102 574
102 707
102 198
102 1991
102 750
102 1597
102 711
102 1109
102 1928
102 782
102 334
102 1373
103 1018
103 574
103 1991
103 328
103 803
103 1963
103 872
103 108
104 1787
104 790
104 446
104 243
104 1553
104 895
104 573
104 1336
104 542
105 1362
105 567
105 154
105 672
105 673
105 121
105 757
105 1252
105 1692
105 877
105 320
106 1572
106 1326
106 955
106 1349
106 912
106 324
106 213
107 1197
107 1966
107 181
107 1370
107 173
107 1348
107 1399
107 1647
107 1712
107 792
107 368
107 1991
108 311
108 1860
108 1904
108 574
108 961
108 1601
108 711
108 1983
108 595
108 175
108 1793
109 1955
109 791
109 920
109 327
109 355
109 484
109 1142
109 109
109 631
109 352
109 1226
109 550
109 1233
109 1853
109 874
109 160
109 508
110 1326
110 302
110 1349
110 636
110 187
110 889
110 1070
110 1573
110 558
110 373
110 1912
111 1440
111 1370
111 178
111 1488
111 835
111 369
111 1059
112 1664
112 1345
112 1900
112 533
112 214
112 884
112 1019
112 288
112 1369
112 864
113 1029
113 518
113 1197
113 463
113 733
113 237
113 781
114 1194
114 854
114 225
114 572
114 1117
115 582
115 1439
115 292
115 1749
115 1112
115 1443
115 1135
115 169
115 1956
115 585
115 1845
115 837
115 1594
115 1893
115 1997
115 549
115 1149
115 166
115 1868
115 592
115 305
115 115
115 1822
115 1362
115 589
115 547
115 1751
115 719
115 1919
115 1885
115 1828
116 771
116 1313
116 1259
116 1129
116 1595
117 909
117 1365
117 472
117 1524
117 742
117 1993
117 995
117 1819
117 1279
117 277
117 1746
117 459
117 357
117 117
117 1237
117 1698
117 1201
117 915
117 951
118 1059
118 770
118 266
118 1607
118 497
118 886
119 289
119 1474
119 1384
119 1903
119 272
119 1673
119 479
119 1346
119 412
119 1353
119 1875
119 780
119 1891
119 1047
119 786
119 137
119 716
120 1945
120 1821
120 543
120 1702
120 820
120 1739
120 1079
120 394
120 144
120 612
120 1498
120 1600
120 667
120 690
121 1593
121 661
121 230
121 1528
121 757
121 121
121 441
122 898
122 1950
122 1227
122 994
122 1774
122 326
123 299
123 782
123 701
123 1221
123 1777
124 1920
124 1298
124 1670
124 1434
124 1687
124 273
124 1576
124 1680
124 581
124 676
125 782
125 1483
125 1216
125 1286
125 1221
125 171
126 1925
126 1819
126 401
126 1251
126 1380
126 1637
126 1009
127 130
127 1939
127 946
127 476
127 340
127 639
128 1702
128 662
128 1800
128 1302
128 1050
128 917
128 279
128 944
128 600
129 712
129 1416
129 129
129 430
129 1771
129 1067
129 1467
129 1182
129 737
129 1657
130 858
130 922
130 1569
130 433
130 946
130 1494
130 1097
131 349
131 270
131 149
131 1635
131 638
131 679
131 778
131 925
132 1220
132 582
132 1641
132 1457
132 1449
132 1671
132 659
132 165
132 807
132 1319
133 1191
133 1009
133 1637
133 1251
133 1380
133 1011
133 1422
133 1980
133 646
133 1148
133 442
133 1695
133 401
134 1171
134 1021
134 1817
134 1921
134 600
134 326
134 1800
134 601
134 1521
135 200
135 262
135 1188
135 281
135 417
135 177
135 1039
135 1115
135 135
135 912
135 1449
135 1057
135 1745
135 1369
135 1498
135 1862
136 1404
136 1855
136 1025
136 1502
136 986
136 881
136 875
136 648
136 1244
136 841
136 1517
136 1371
136 1755
136 1849
136 169
136 1418
137 658
137 137
137 647
137 1207
137 796
137 208
137 527
137 557
137 1453
137 1183
137 1647
137 454
137 705
137 1739
137 1234
138 297
138 1686
138 567
138 682
138 1449
138 1684
138 138
138 1115
138 1158
138 1247
138 559
138 1454
138 1039
138 794
138 285
139 1020
139 903
139 146
139 1516
140 1153
140 481
140 140
140 944
140 1354
140 1513
141 1298
141 1223
141 798
141 1996
141 1722
141 1892
141 1068
141 312
141 1114
141 680
141 1888
141 1899
141 1531
142 1174
142 1835
142 1808
142 1817
142 235
142 1167
142 533
142 160
142 1345
142 348
142 562
143 384
143 263
143 1545
143 1947
143 866
143 627
143 1555
143 1505
143 1863
144 1455
144 820
144 1611
144 735
144 1821
144 694
144 523
144 1006
144 1498
144 543
144 269
144 326
144 1739
144 492
144 586
145 1669
145 1367
145 734
145 1815
145 1534
145 895
145 316
145 856
145 1514
146 898
146 1162
146 258
146 1411
146 903
146 528
146 148
146 1295
147 991
147 1783
147 644
147 1941
147 321
147 1681
147 925
147 1527
148 528
148 1461
148 258
148 1228
148 950
148 1038
148 822
148 978
148 911
149 781
149 793
149 1508
149 1574
149 1901
149 813
149 820
149 284
150 1922
150 396
150 787
150 1317
150 1557
150 915
150 150
150 541
150 799
150 1666
150 1062
150 1304
150 692
150 1616
150 161
150 556
150 1368
150 964
150 1794
150 1506
150 1690
150 326
150 1489
151 391
151 526
151 1067
151 722
151 1083
151 597
151 1509
151 1816
152 272
152 1384
152 852
152 1906
152 706
152 152
152 289
152 1474
152 1002
152 1903
152 1905
153 1442
153 782
153 1177
153 1171
153 570
153 698
153 1631
153 1126
154 661
154 1282
154 997
154 1681
154 411
155 280
155 1945
155 1417
155 1294
155 1141
155 505
155 1734
155 1772
155 1272
155 250
156 523
156 1079
156 1611
156 724
156 843
156 543
156 820
156 326
156 1739
157 1451
157 1515
157 998
157 1075
157 938
157 1344
157 530
157 407
157 929
157 933
157 204
157 1853
157 1460
157 1704
157 1198
157 371
158 400
158 700
158 158
158 1723
158 1736
158 1713
159 1924
159 534
159 1259
159 1750
159 1129
159 314
159 1971
159 1698
159 805
159 856
160 1486
160 1757
160 398
160 1174
160 730
160 753
160 1033
160 1817
160 533
160 425
160 1642
160 1835
160 1293
161 396
161 787
161 799
161 792
161 945
161 1616
161 1368
161 227
162 162
162 593
162 1484
162 408
162 1401
162 994
162 1510
162 822
162 1898
162 1227
162 1181
162 1200
162 287
162 1100
163 1284
163 1974
163 1047
163 1432
163 678
163 1325
163 1089
163 1751
164 1677
164 201
164 263
164 1555
164 275
164 472
164 983
164 1786
165 783
165 659
165 1154
165 763
165 989
165 1406
165 538
165 327
166 314
166 1739
166 1822
166 1956
166 1845
166 443
166 1749
167 894
167 1077
167 400
167 478
167 1736
167 632
167 1522
167 1841
167 816
167 1136
167 486
167 242
167 1723
167 1360
167 1838
167 1728
167 846
167 1314
168 257
168 1539
168 1568
168 684
168 1745
168 1162
168 625
169 1694
169 292
169 589
169 1135
169 585
169 547
169 1822
169 1893
169 213
169 1562
169 1443
169 1997
169 1608
169 1513
169 1745
169 1845
169 1868
169 1749
169 912
170 1034
170 1961
170 317
170 1916
170 1864
170 942
170 335
170 885
170 1267
170 1777
170 1103
170 845
170 1907
170 694
170 580
170 1324
170 452
171 1287
171 1705
171 1712
171 171
171 1985
171 1837
171 440
171 1217
171 1902
172 263
172 398
172 1167
172 1817
172 325
172 1345
172 1913
172 1295
173 518
173 1197
173 1390
173 1370
173 1186
173 826
173 1348
173 382
173 1930
174 1521
174 287
174 665
174 1412
174 1522
175 244
175 1638
175 439
175 920
176 260
176 1819
176 909
176 1279
176 357
176 277
176 742
176 1746
176 1236
176 646
176 1365
176 1477
176 961
177 1509
177 1158
177 1684
177 912
177 567
177 991
177 629
178 1593
178 949
178 976
178 835
178 839
178 1289
178 1020
178 1747
178 1488
179 1975
179 1368
179 1859
179 913
179 1306
179 1442
179 569
179 828
179 701
179 629
179 865
180 1584
180 1548
180 1044
180 1352
180 1101
180 321
181 518
181 1197
181 943
181 1966
181 1596
181 829
181 1805
181 1235
181 382
181 1591
182 1051
182 1218
182 1992
182 328
182 713
182 1610
182 670
182 228
182 574
182 1991
182 491
183 1843
183 732
183 963
183 183
183 1468
183 1599
183 458
183 481
183 1513
183 1921
184 555
184 233
184 651
184 1153
184 1121
184 1599
184 1239
184 599
184 732
184 1469
184 1164
185 303
185 1971
185 465
185 354
185 202
185 1716
185 712
185 1617
185 860
185 223
185 1123
185 1656
185 346
185 1212
185 1653
186 600
186 313
186 1242
186 625
186 971
186 954
186 1234
186 616
186 367
186 383
186 205
187 1573
187 1326
187 302
187 1070
187 1066
187 1535
187 386
187 1982
187 710
187 1912
187 1197
187 1143
188 696
188 1663
188 516
188 188
188 1471
188 761
188 762
189 1287
189 1705
189 948
189 1720
189 440
189 315
189 1091
189 588
189 1062
190 681
190 810
190 1456
190 821
190 822
190 1486
190 346
190 1914
191 1312
191 1993
191 460
191 835
191 1865
191 1267
191 704
191 1990
192 1876
192 1327
192 192
192 1771
192 1921
192 802
192 1887
192 1256
193 1032
193 529
193 921
193 777
193 1651
193 1469
193 966
194 1390
194 1428
194 307
194 1963
194 1810
194 1270
194 863
194 990
194 1224
194 366
195 642
195 522
195 1826
195 1871
195 1927
195 195
195 1054
195 1393
195 1034
195 431
196 1322
196 1208
196 1979
196 594
196 744
196 215
196 1693
196 502
197 1186
197 1744
197 1551
197 1989
197 925
197 1527
198 843
198 271
198 1597
198 595
198 750
198 1983
198 252
198 1838
198 379
198 1527
198 1115
199 1157
199 1927
199 1475
199 522
199 1612
199 1405
199 255
200 588
200 856
200 1690
200 1347
200 790
200 1092
200 1622
200 1854
200 1699
200 857
200 1644
201 1184
201 1672
201 1850
201 1130
201 1876
202 1971
202 721
202 465
202 712
202 1336
202 1617
202 354
202 1767
202 1389
203 1042
203 1307
203 1191
203 679
203 685
203 1908
203 624
204 946
204 1035
204 1194
204 225
204 1485
204 941
204 611
204 1137
205 1333
205 1266
205 413
205 514
205 235
205 1295
205 876
205 590
205 1373
205 767
206 523
206 543
206 820
206 326
206 1219
206 1719
206 1213
207 1966
207 1061
207 1920
207 1414
207 267
207 1166
207 273
207 1670
207 307
207 452
207 1590
208 705
208 265
208 1794
208 1420
208 1183
208 1453
208 796
208 1050
208 302
208 1090
209 1249
209 1853
209 1791
209 1007
209 1928
209 209
209 1196
209 1209
209 1495
209 844
209 979
209 990
209 1517
210 392
210 413
210 1686
210 1295
210 514
210 588
210 767
210 1865
211 1672
211 1850
211 1858
211 1860
211 1120
211 1323
211 1332
211 1526
211 1883
212 905
212 1813
212 1836
212 1232
212 1671
212 234
213 893
213 292
213 1882
213 1868
213 1149
213 1052
213 1822
213 837
213 443
213 648
213 1532
214 1181
214 1189
214 831
214 587
214 1438
214 247
214 1079
214 650
214 238
214 974
215 1089
215 1049
215 1911
215 1432
215 678
215 1728
215 1861
215 1751
215 1885
215 621
215 419
215 498
215 378
216 1801
216 1933
216 1171
216 1873
216 879
216 1118
216 1703
216 1515
216 654
216 737
216 1154
217 1674
217 360
217 1713
217 1194
217 1485
217 432
217 1137
218 874
218 394
218 1829
218 1583
218 1464
218 449
218 1375
218 1032
218 1843
218 608
219 1332
219 949
219 1351
219 1761
220 1155
220 1931
220 1349
220 1709
220 506
220 1912
220 1019
221 643
221 1433
221 811
221 299
221 685
221 834
221 637
221 287
222 649
222 917
222 600
222 601
222 1521
222 1838
222 713
223 1971
223 699
223 1748
223 303
223 1872
223 370
223 1123
223 223
223 1219
223 328
223 1400
223 1024
223 1327
224 1031
224 798
224 680
224 848
224 1888
225 1194
225 1097
225 1041
225 1186
225 1137
226 532
226 1971
226 712
226 1748
226 860
226 717
226 1071
226 1639
227 1631
227 1599
227 458
227 599
227 732
228 1924
228 583
228 228
229 772
229 1704
229 673
229 1241
229 778
230 1220
230 661
230 877
230 411
230 1152
230 1241
230 230
230 1252
230 1812
231 1510
231 473
231 819
231 1588
231 1465
231 1469
232 659
232 1471
232 1229
232 329
232 1827
232 266
232 1996
232 377
233 874
233 1555
233 983
233 732
233 1997
234 1029
234 372
234 746
234 653
234 1813
234 1328
234 893
234 1232
234 424
234 507
234 351
234 1172
234 355
234 297
234 1260
235 804
235 348
235 1025
235 785
235 767
236 274
236 544
236 936
236 454
236 587
236 1359
236 238
237 518
237 1197
237 1965
237 826
237 1370
237 945
237 1390
237 1399
238 1181
238 455
238 587
238 1695
238 1056
238 544
238 1189
238 290
238 972
238 719
238 540
238 454
238 634
238 1706
238 473
238 1649
238 1516
238 1043
238 247
238 238
238 310
238 1055
238 1190
238 362
238 1776
238 831
238 936
238 297
238 1438
238 797
238 596
238 1675
238 1413
238 1590
238 633
238 1950
238 1840
238 1091
238 1063
238 1939
239 1032
239 425
239 1995
239 1618
239 1374
240 996
240 1789
240 1921
240 1800
240 1170
240 1986
241 345
241 1572
241 1133
241 750
241 1992
241 241
241 836
241 1409
242 498
242 1728
242 1089
242 242
242 1140
242 1740
242 1751
242 1911
242 1611
242 1750
242 1393
242 1151
242 645
243 790
243 817
243 324
243 1689
243 1622
243 1473
243 1658
243 1347
243 1690
243 388
243 446
243 987
243 322
243 450
243 1257
243 1096
243 1106
243 1675
243 970
243 895
243 959
243 708
243 1092
243 862
243 243
243 857
243 1854
243 962
243 1024
243 1139
243 509
243 1109
243 1971
243 1796
243 1328
243 252
243 587
243 1270
244 1026
244 409
244 1954
244 789
244 768
244 1910
244 392
244 1778
244 563
244 1402
244 1744
244 553
244 1741
244 918
244 451
244 1321
244 244
244 1847
244 1175
244 644
244 921
244 996
244 641
244 1051
245 520
245 412
245 1474
245 1507
245 1905
245 1634
245 1847
246 275
246 1488
246 1154
246 783
246 941
246 623
247 510
247 1055
247 544
247 587
247 634
248 1572
248 1055
248 1464
248 329
248 1229
248 1775
248 886
249 750
249 1035
249 1194
249 572
249 1101
249 1137
249 1155
249 264
250 505
250 1688
250 1294
250 1734
250 339
250 1141
250 1642
250 471
250 515
250 952
250 923
250 1712
250 1313
251 1536
251 1314
251 586
251 1285
251 1066
251 1660
252 1082
252 1597
252 574
252 1991
252 461
253 1840
253 704
253 1865
253 322
254 1034
254 751
254 317
254 1864
254 1703
255 642
255 1157
255 1737
255 1146
255 464
255 1431
255 1054
255 283
255 1405
255 1094
255 1964
255 255
255 496
255 1663
255 511
255 1948
256 1163
256 768
256 1419
256 553
256 1026
256 1332
256 1460
256 959
257 1957
257 1131
257 1109
257 814
257 577
257 808
257 460
257 1539
257 1677
257 1115
258 1982
258 1202
258 258
258 1266
258 341
258 1283
259 1901
259 1894
259 778
259 1501
259 666
259 298
259 776
259 395
259 781
259 427
260 742
260 260
260 1480
260 1819
260 1993
260 472
260 930
260 1583
261 1971
261 1774
261 977
261 261
261 1591
261 1702
261 724
261 1887
261 1939
261 1187
261 820
261 1079
261 326
261 1095
261 1739
262 787
262 1654
262 1285
262 1915
262 262
262 349
262 906
262 1173
262 1308
262 1314
262 586
263 283
263 632
263 384
263 1113
263 1838
263 263
263 414
263 635
263 766
263 1425
263 480
263 1160
263 1947
263 1786
263 1550
263 1555
263 1138
263 1805
263 749
263 983
263 866
263 1545
263 1759
263 842
263 1019
263 1669
263 296
263 1449
263 275
263 623
264 641
264 774
264 1144
264 653
264 560
264 1813
264 1328
264 351
264 1343
265 1420
265 683
265 1183
265 796
265 1570
265 1767
265 658
265 419
265 557
265 1733
266 1827
266 1168
266 1471
266 761
266 1612
266 1663
266 1607
266 1563
266 326
266 470
267 1298
267 1806
267 1848
267 1688
267 1576
268 1029
268 774
268 1813
268 507
268 473
268 1450
268 715
268 756
268 659
269 1672
269 840
269 907
269 954
269 1850
269 1858
269 1876
270 778
270 855
270 776
270 1901
270 786
270 1667
270 427
271 1677
271 1254
271 1016
271 1318
271 577
271 1142
272 602
272 272
272 1906
272 1771
272 1474
273 1292
273 1298
273 1090
273 397
273 1434
274 506
274 1556
274 1236
274 1427
274 1309
274 1614
274 276
275 1558
275 1260
275 384
275 1425
275 1805
275 1138
275 1709
275 1555
275 1174
276 1183
276 331
276 1681
276 800
276 925
276 1527
277 277
277 1699
277 459
277 959
277 1993
277 1365
278 662
278 1665
278 1525
278 278
278 1546
278 1773
278 1514
278 300
278 1408
278 458
278 1540
278 903
278 1305
278 423
278 1212
278 693
279 1258
279 990
279 1800
279 649
279 1170
279 1302
279 944
279 1521
279 1143
279 1182
279 805
279 1013
279 601
279 1032
280 434
280 654
280 784
280 1640
280 582
281 1984
281 896
281 1039
281 912
281 1684
282 1049
282 804
282 1432
282 1751
282 1728
282 1325
282 1117
282 1316
282 1089
282 1740
282 650
283 1797
283 1157
283 1927
283 1276
283 1737
283 1094
283 1054
283 1475
283 1242
283 1826
284 1432
284 448
284 619
284 686
284 1728
284 1740
284 1400
284 1514
285 780
285 1308
285 1039
285 794
285 567
285 285
285 1118
285 1160
286 965
286 1774
286 900
286 1713
286 441
286 420
286 1210
286 1125
286 287
286 554
286 1462
286 761
287 1129
287 375
287 1180
287 420
287 441
287 560
287 461
287 1064
287 1412
287 287
287 665
287 900
287 1108
287 742
287 1149
287 1713
288 782
288 783
288 989
288 940
288 288
288 807
289 520
289 1384
289 1875
289 1474
289 1906
289 706
289 1870
289 479
289 1511
289 1911
289 1346
289 1507
289 1006
289 1509
290 1214
290 1181
290 1056
290 437
290 1189
291 901
291 1542
291 525
291 1053
291 1263
291 1413
291 458
291 1209
291 1229
292 1586
292 1362
292 1099
292 1303
292 585
292 542
292 592
292 524
292 1112
292 1868
292 1562
292 443
292 1997
292 292
292 1694
292 1711
292 1594
292 1822
292 1138
292 463
292 1880
292 1137
292 1511
292 1647
293 901
293 668
293 1589
293 293
293 1542
293 944
293 301
294 1958
294 668
294 1825
294 509
294 525
294 1053
294 1642
294 1018
294 903
295 1554
295 672
295 997
295 1643
295 343
295 877
296 1338
296 1305
296 423
296 375
296 1200
296 1514
296 1773
296 477
297 797
297 719
297 831
297 473
297 455
297 1776
298 1479
298 1140
298 678
298 1151
298 1693
298 1923
298 1861
298 1751
298 1911
298 961
299 685
299 299
299 422
299 1338
299 546
299 1042
299 1081
299 1307
299 834
299 1735
299 1059
299 643
299 1337
299 811
299 1063
299 1433
299 679
299 1186
299 1569
299 1334
299 1191
299 489
299 1179
299 1005
299 535
299 1540
299 1351
299 1721
300 1741
300 1563
300 1665
300 662
300 423
300 1525
300 300
300 1503
300 1514
300 890
300 1869
300 1879
301 1542
301 405
301 525
301 1413
301 1825
301 1281
301 1018
301 1731
302 1931
302 1572
302 1573
302 318
302 1912
302 1214
302 1709
302 1335
302 1070
302 302
302 1211
302 475
302 363
302 1930
303 532
303 1123
303 1357
303 887
303 349
303 1813
303 1971
303 860
303 752
303 821
303 1882
304 1139
304 1282
304 689
304 1528
304 568
304 877
305 1534
305 1555
305 547
305 549
305 1936
305 443
306 324
306 1542
306 1290
306 525
306 408
306 1018
306 1594
307 1701
307 1238
307 1459
307 882
307 1329
307 1862
307 1564
307 1509
307 1976
307 1747
307 347
307 1482
308 1318
308 1286
308 782
308 1436
308 1493
308 1631
309 1798
309 1933
309 1310
309 571
309 808
309 725
309 741
309 1147
309 1236
309 879
310 1931
310 1392
310 1181
310 1055
310 1438
310 1485
310 831
310 1196
311 418
311 1452
311 722
311 1953
311 311
311 687
311 526
311 940
311 594
312 385
312 1908
312 474
312 1111
312 934
312 1224
312 460
312 1999
312 1747
312 1695
313 1264
313 453
313 645
313 1962
313 1472
313 334
313 1234
313 383
314 1924
314 805
314 1013
314 849
314 851
315 1712
315 1714
315 1585
315 440
315 674
315 588
315 1724
315 1887
316 1815
316 1451
316 1269
316 1163
316 1220
316 838
317 845
317 1961
317 1034
317 1862
317 452
317 667
318 1572
318 1326
318 1463
318 889
318 1155
318 1832
318 710
318 890
319 1933
319 436
319 1310
319 908
319 1162
319 1102
319 361
320 390
320 667
320 1865
320 716
320 559
320 1590
320 798
321 421
321 1548
321 1552
321 1424
321 1998
321 1984
321 447
321 1907
321 1352
321 1477
321 1291
321 1086
321 1231
321 693
321 1235
321 435
321 736
321 1100
321 1084
321 321
321 1044
321 1927
321 1281
321 1992
321 1265
321 1622
321 1428
322 1582
322 1675
322 1690
322 450
322 1327
323 1981
323 1469
323 562
323 1834
323 691
323 1403
323 825
323 873
323 342
323 1668
323 1588
323 380
323 1314
323 445
323 1286
324 1024
324 1675
324 817
324 959
324 1347
324 388
324 450
324 1096
324 962
324 980
324 1854
324 970
324 862
324 1622
324 1257
324 1287
324 1530
324 857
324 1139
325 944
325 1378
325 334
325 975
325 1978
325 1234
325 864
325 616
325 1264
325 383
326 563
326 523
326 910
326 919
326 820
326 1591
326 332
326 1702
326 620
326 1498
326 977
326 1739
326 967
326 612
326 1503
326 1846
326 1455
326 1476
326 694
326 1945
326 1095
326 1079
326 1918
326 1821
326 1746
326 1152
326 476
326 1285
326 568
326 1979
326 1315
327 1905
327 640
327 650
327 791
327 920
327 550
327 352
327 1398
327 327
327 484
327 964
327 439
327 1799
327 1874
328 1430
328 1051
328 961
328 1361
328 750
329 1601
329 1607
329 1168
329 1042
329 1121
329 761
330 1287
330 1705
330 440
330 1217
330 1108
330 1762
330 1066
330 403
330 1897
331 428
331 1844
331 1951
331 1640
331 1877
331 1271
331 1110
332 335
332 999
332 910
332 1945
332 543
332 820
332 1739
333 1837
333 1712
333 1720
333 440
333 1714
333 1287
333 1072
333 934
333 1843
333 1762
333 1902
333 679
333 1911
333 732
333 1252
334 1876
334 1447
334 453
334 802
334 645
334 1234
334 1851
334 383
334 1045
334 883
334 1236
334 616
334 1646
334 1264
334 625
335 1533
335 1103
335 942
335 751
335 1267
335 824
335 1034
335 1777
335 1933
335 695
335 772
336 1933
336 1310
336 1970
336 535
336 1516
336 1624
337 1542
337 514
337 413
337 1333
337 1752
337 1373
338 618
338 1788
338 415
338 815
338 1464
338 449
338 606
339 1642
339 1544
339 1272
339 970
340 784
340 1551
340 1951
340 428
340 1076
340 582
340 1609
341 978
341 1427
341 506
341 897
341 1004
341 1614
341 580
341 665
341 1987
341 1751
342 1817
342 1668
342 825
342 1299
343 1421
343 933
343 1704
343 1968
343 371
343 579
344 1753
344 1708
344 1399
344 1286
344 782
344 1426
344 1177
344 812
344 1294
345 1712
345 1720
345 440
345 850
345 1909
346 1036
346 1603
346 1253
346 996
346 1830
346 363
346 613
346 1988
346 1193
346 1584
346 821
346 346
346 568
346 630
346 1495
346 1580
346 1581
346 1238
346 1407
346 810
346 1486
346 874
346 1456
346 1060
346 681
346 490
346 1914
346 1376
346 1088
346 1688
346 1017
346 1922
346 1889
346 652
346 1644
346 1144
346 753
346 897
346 618
346 495
347 385
347 1976
347 1963
347 1908
347 360
347 1329
347 937
347 1710
347 1121
347 366
347 1265
348 829
348 1664
348 1817
348 1345
348 753
348 1808
348 1567
348 544
348 884
348 1019
349 778
349 395
349 1558
349 1894
349 1901
349 1705
350 1290
350 773
350 1032
350 425
351 774
351 653
351 1328
351 905
351 1065
351 911
352 851
352 553
352 1601
352 1142
353 1972
353 1551
353 1417
353 1377
353 610
353 1734
353 1751
353 1298
354 1582
354 759
354 1429
354 1304
354 546
354 688
355 1819
355 650
355 1266
355 1968
356 395
356 1558
356 427
356 1508
356 786
356 1608
356 393
357 1819
357 1993
357 1365
357 472
357 909
357 808
357 1919
357 742
358 1640
358 1814
358 1696
358 438
358 1853
358 985
358 486
358 1784
358 1209
358 358
358 1956
358 708
358 1520
358 1621
359 840
359 1345
359 782
359 570
359 698
359 701
359 1126
359 957
360 1428
360 1963
360 1999
360 1852
360 1641
360 1265
361 1796
361 1677
361 1935
361 657
361 1318
361 1530
362 540
362 831
362 362
362 1681
363 973
363 1178
363 821
363 1603
363 1495
363 618
364 514
364 1295
364 1333
364 1240
364 1360
364 767
365 1943
365 548
365 1608
365 1738
365 1987
365 365
365 1587
365 1911
366 1309
366 603
366 1428
366 1329
366 1203
366 1976
366 1224
366 1111
366 1999
366 842
366 1150
366 1810
366 1909
366 1862
366 882
366 1856
366 1963
366 1459
366 715
366 1195
366 1458
366 366
366 1265
366 1330
366 1433
366 424
366 1394
366 1829
366 1790
367 1207
367 864
367 616
367 606
368 1306
368 1294
368 1734
368 1772
368 1490
368 1141
368 1662
369 1159
369 1934
369 949
369 1351
369 1426
370 1971
370 823
370 712
370 1227
371 1718
371 929
371 1283
372 1029
372 774
372 1836
372 1232
372 653
372 1059
372 1722
372 1460
373 518
373 1965
373 981
373 1370
373 1966
373 1596
373 1310
373 1859
373 1946
374 974
374 1385
374 1919
374 744
374 1320
375 1815
375 1708
375 838
375 856
375 1250
375 714
375 1765
375 992
375 1428
375 1534
375 1514
376 862
376 1040
376 798
376 680
376 953
376 457
376 861
376 376
376 904
377 1581
377 1607
377 1775
377 1543
377 761
377 757
378 678
378 1911
378 760
378 1710
378 1112
379 750
379 1430
379 1992
379 1991
379 1717
379 1610
379 1976
380 539
380 1588
380 825
380 1981
380 984
380 1194
381 1875
381 1867
381 1201
381 1855
381 1985
381 1481
381 1891
381 1814
382 518
382 1197
382 1399
382 1946
383 1435
383 549
383 1472
383 1234
383 622
383 1447
383 975
383 1222
383 1646
383 625
383 1667
383 1264
383 864
383 1851
383 954
383 453
383 1242
383 1627
383 802
383 1960
383 1451
383 1678
383 1713
383 1416
383 828
384 1838
384 747
384 766
384 414
384 623
384 1550
384 1691
384 1625
384 1545
384 1138
384 480
384 983
384 1113
384 749
384 1947
384 1160
384 866
384 1805
384 384
384 635
384 1773
384 977
384 1823
384 1003
384 1291
384 1046
384 1555
384 517
384 1990
385 1976
385 573
385 1139
385 1856
385 460
385 1747
385 1641
385 1432
385 1351
385 1588
386 1538
386 737
386 1116
386 430
386 1969
386 779
387 640
387 999
387 1249
387 536
387 769
387 1423
387 770
388 427
388 850
388 1024
388 1793
388 708
388 1261
388 1622
388 1139
388 820
388 1680
389 1824
389 1295
389 413
389 748
389 488
389 1266
389 616
389 1034
389 1333
389 1879
389 1752
389 1373
390 1727
390 1840
390 604
390 945
390 1865
390 1636
390 1638
391 510
391 1452
391 1163
391 1926
391 418
391 1858
391 1297
391 1953
391 504
392 768
392 1026
392 1823
392 1175
393 1634
393 1615
393 1943
393 548
393 580
393 393
393 1058
393 1000
393 1987
393 1738
393 674
393 1007
393 1217
393 1654
393 1122
393 1645
393 1783
393 576
394 820
394 1611
394 1702
394 724
394 919
394 735
394 1498
394 1476
394 768
394 1559
394 543
394 1739
395 776
395 1501
395 1409
395 638
395 1938
395 1658
395 793
395 1894
396 1922
396 1304
396 799
396 922
396 787
396 541
396 1343
396 1739
396 1377
397 726
397 969
397 1921
397 718
397 600
398 1535
398 1808
398 1817
398 753
398 1851
398 897
398 1174
398 1835
398 1345
398 884
398 1019
399 1672
399 1860
399 1120
399 1134
399 1850
399 1876
399 1736
399 1921
399 1883
399 1130
400 1522
400 404
400 1360
400 402
400 1515
401 552
401 646
401 627
401 1980
401 1011
401 1428
401 538
401 1380
402 404
402 1674
402 1087
402 1841
402 1723
402 1515
402 1077
402 758
402 1288
402 1110
402 1069
402 1736
403 403
403 1764
403 1526
403 1306
403 1442
404 1815
404 1708
404 1792
404 1674
404 1275
404 1069
404 1087
404 673
405 1542
405 525
405 1288
405 560
405 1589
406 1120
406 1286
406 1290
406 525
407 1386
407 1530
407 616
407 477
407 1491
408 1280
408 1410
408 1484
408 408
408 1510
409 1656
409 1744
409 768
409 1321
409 1981
409 451
409 1778
409 1521
409 447
410 1971
410 1063
410 1306
410 1355
410 1438
410 1442
411 997
411 1554
411 411
411 1241
412 479
412 1474
412 520
412 706
412 602
412 1905
413 1824
413 1879
413 1752
413 1333
413 488
413 1782
413 1051
413 605
414 1545
414 1555
414 480
414 487
414 1838
414 1140
414 1132
415 1746
415 423
415 930
415 561
415 1731
415 1205
415 1464
415 608
416 1171
416 1803
416 1067
416 722
416 1726
416 928
416 418
416 1452
416 428
417 1158
417 1832
417 1164
418 1083
418 418
418 1659
418 722
418 504
418 597
418 915
418 1621
418 1722
419 546
419 796
419 1453
419 705
419 985
419 423
420 1462
420 1632
420 1412
420 441
420 1210
420 1763
420 618
420 1045
420 453
421 1306
421 1577
421 1442
421 1780
422 1905
422 1452
422 1307
422 1337
422 1446
422 811
422 685
422 1735
422 1262
422 1437
423 612
423 1665
423 772
423 924
423 662
423 1212
423 1773
423 890
423 1546
423 1514
423 519
423 1525
423 849
423 1152
424 1813
424 1232
424 653
424 1328
424 1272
425 1032
425 1692
425 914
425 1223
426 1794
426 527
426 1207
426 1833
426 1570
426 813
427 1301
427 1894
427 776
427 638
427 778
427 1259
427 628
427 693
428 1475
428 506
428 654
428 603
428 1951
428 784
428 428
428 690
428 1466
428 1891
428 582
428 1584
428 1349
428 1609
429 1560
429 1874
429 1681
430 1739
430 1182
430 1685
430 1936
430 737
430 756
430 720
431 1939
431 1322
431 1788
431 858
431 1509
431 431
431 1107
432 522
432 475
432 810
432 518
432 1197
432 981
432 1370
432 1399
432 844
433 1322
433 1939
433 1494
433 1153
433 946
433 1989
433 1562
434 759
434 1276
434 434
434 1054
434 1475
434 877
435 1235
435 736
435 1352
435 1489
435 1294
435 1725
436 1171
436 584
436 908
436 1047
437 1246
437 849
437 1974
437 534
437 437
437 1313
437 1698
437 725
437 1728
437 1286
437 851
438 778
438 1696
438 1007
438 830
438 1633
439 1622
439 439
439 1174
439 704
439 1990
440 1287
440 1065
440 948
440 578
440 1585
440 1714
440 1072
440 726
440 1712
440 1762
440 1091
440 809
440 588
440 1866
440 843
440 850
440 813
440 1902
440 931
440 1763
440 868
440 1021
440 500
440 1720
440 1217
440 1341
440 1837
440 1528
440 552
440 1688
440 1051
440 799
440 524
440 1311
440 1444
440 1460
440 1675
441 550
441 1412
441 1404
442 1590
442 1990
442 1629
442 600
442 1602
443 1001
443 1443
443 549
443 1303
443 1362
443 537
443 738
443 1112
444 1452
444 1922
444 792
444 556
444 799
444 677
444 1493
445 818
445 1478
445 1040
445 492
445 953
445 1031
445 457
445 1681
445 1808
445 1518
446 1854
446 1024
446 980
446 708
446 631
446 962
446 1347
446 450
446 1658
446 600
446 449
447 1291
447 693
447 1904
447 1424
447 1725
447 1622
447 574
448 1492
448 760
448 448
448 619
448 1387
449 1583
449 561
449 606
449 688
449 1849
449 1375
449 1731
449 1829
449 930
449 608
449 718
449 923
450 790
450 962
450 450
450 862
450 895
450 1106
450 1092
450 1580
450 1681
450 1257
450 1139
451 768
451 1026
451 1460
451 503
451 1823
451 1744
451 1049
451 1735
451 718
452 1324
452 1673
452 885
452 1022
452 904
453 1667
453 453
453 1234
453 864
453 616
454 1299
454 972
454 587
454 754
454 723
454 455
455 1659
455 1837
455 1169
455 797
455 1649
455 972
455 539
455 1780
455 1648
455 1256
455 1234
456 913
456 676
456 1759
456 1435
456 1225
456 1780
456 1681
457 883
457 907
457 1031
457 1040
458 555
458 863
458 1513
458 702
458 1237
458 739
458 1468
458 604
458 1104
458 1978
458 599
459 1955
459 1993
459 1524
459 1279
459 1746
459 1058
459 742
459 762
460 1459
460 1224
460 1270
460 1747
460 573
460 1963
460 1909
460 1999
460 1619
460 460
460 842
460 937
460 1111
460 735
460 1126
460 509
460 884
460 663
461 948
461 1412
461 1180
461 665
462 860
462 1347
462 1921
462 944
462 600
462 1895
463 518
463 1965
463 1205
463 1647
463 1583
463 1400
464 1797
464 522
464 1094
464 1871
464 1276
464 1762
464 821
465 1971
465 717
465 465
465 860
466 654
466 784
466 1724
466 1609
466 603
466 1607
467 1815
467 1701
467 1592
467 1225
467 1392
467 945
467 1887
467 1386
467 1260
467 1308
468 830
468 1032
468 777
468 529
468 660
468 1692
468 773
468 485
468 921
468 859
468 1015
468 1374
468 1663
469 618
469 1812
469 1273
469 594
469 1730
469 505
469 1624
470 1309
470 1525
470 516
470 1121
470 497
470 1629
471 1913
471 1417
471 1366
471 483
471 750
471 1377
471 622
472 1543
472 909
472 1819
472 472
472 1365
472 995
472 1993
472 1279
472 1746
472 537
472 1597
472 607
472 831
473 1609
473 1516
473 1189
473 539
473 1056
473 1776
473 797
473 1782
473 1000
473 1126
474 573
474 1458
474 1747
474 1781
475 1799
475 1069
475 1723
475 700
475 1360
475 1087
475 1506
475 1499
475 1483
475 632
475 1404
476 1989
476 880
476 1391
476 688
476 1606
477 521
477 1448
477 1198
477 1968
477 1075
477 530
477 1421
477 1804
477 477
478 1799
478 1069
478 1506
478 1136
478 1142
478 758
479 520
479 1474
479 1346
479 1870
479 602
479 1858
479 514
480 1150
480 1160
480 1545
480 1555
480 1385
481 536
481 1159
481 1928
481 651
481 599
481 1030
481 1239
481 1599
481 739
481 702
481 1132
481 755
481 1237
481 481
481 1653
481 1639
481 1020
481 1633
481 1699
481 1167
481 1986
481 615
481 1303
482 1812
482 1948
482 1061
482 1595
482 999
482 744
482 563
482 883
483 791
483 610
483 1141
483 483
483 1948
483 1889
483 1261
484 650
484 791
484 1226
484 631
484 508
484 1398
484 550
484 711
484 795
484 624
485 670
485 883
485 1032
485 696
485 966
485 1995
485 1743
486 990
486 1007
486 1689
486 1239
487 1683
487 1967
487 1928
487 1633
487 1853
487 1673
487 1784
488 1225
488 1345
488 1295
488 1333
488 1373
489 685
489 1081
489 643
489 1307
489 1042
489 1186
489 1778
489 918
489 1935
489 1690
490 1688
490 1178
490 1584
490 821
490 1859
490 618
490 1017
490 954
491 574
491 1983
491 1717
491 713
491 595
491 775
491 836
492 1888
492 492
492 1598
492 941
493 823
493 1208
493 594
493 1624
494 1924
494 1698
494 851
494 1431
494 990
495 1127
495 1553
495 1060
495 821
495 1495
495 1988
495 1238
495 1290
495 1760
495 841
496 1614
496 1545
496 1624
496 1025
496 1454
496 1517
496 1035
497 1324
497 770
497 1168
497 572
497 761
497 1663
498 1316
498 1575
498 1885
498 678
498 1151
498 1089
498 813
498 1117
498 1911
498 1400
499 1465
499 1981
499 1487
499 1403
500 578
500 588
500 1712
500 1138
500 857
500 543
501 899
501 1724
501 1000
501 902
501 782
501 812
501 1631
502 774
502 1857
502 594
502 598
502 1652
503 768
503 1026
503 1778
503 1402
503 1148
504 1803
504 510
504 1816
504 884
504 1994
504 1305
505 1433
505 546
505 1059
505 811
505 685
505 1081
505 1334
505 643
505 1186
505 866
505 1657
506 1415
506 1427
506 1556
506 1340
506 1361
506 978
506 1707
507 1172
507 1813
507 1127
508 793
508 631
508 1142
508 788
508 1387
508 1225
509 1288
509 1018
510 1803
510 526
510 1953
510 1452
510 1083
510 959
510 1389
511 1567
511 1170
511 944
511 601
511 1521
511 764
512 1878
512 611
512 1923
512 1035
512 622
512 1101
512 1137
513 1025
513 881
513 875
513 926
513 1293
513 841
513 1454
513 1769
513 1502
513 1516
513 1800
513 986
513 1371
513 1517
514 1648
514 1760
514 1761
514 1686
514 590
514 748
514 1005
514 1240
514 646
514 1295
514 1333
515 1405
515 1803
515 1261
515 1272
515 515
515 1734
515 1377
516 1015
516 1827
516 1775
516 516
516 1275
516 886
517 571
517 1423
517 1541
517 1887
517 1327
517 737
517 1256
518 1889
518 826
518 830
518 1716
518 981
518 829
518 733
518 943
518 1787
518 1205
518 728
518 1647
518 531
518 1399
518 1965
518 1348
518 518
518 1596
518 1556
518 758
518 697
518 1376
518 1882
518 1917
518 1966
518 1390
518 742
518 1734
519 1609
519 1678
519 1200
519 924
519 1613
519 1546
519 662
519 1305
519 1773
520 520
520 1507
520 1573
520 1084
520 1474
520 1742
520 1002
520 1903
520 908
520 1933
521 1595
521 1606
521 1444
521 1421
521 1968
522 1933
522 642
522 1405
522 1054
522 1737
522 731
522 1025
523 1095
523 854
523 543
523 1537
523 645
524 1060
524 1285
524 1694
524 568
524 547
524 1749
525 1542
525 1288
525 1018
525 1290
525 1564
525 652
525 1589
525 901
525 1263
525 1053
525 1825
525 527
525 1742
525 1037
525 1569
526 1926
526 1163
526 1803
526 1083
526 1973
526 928
526 1034
527 1676
527 1453
527 557
527 847
528 1253
528 1881
528 822
528 1207
529 931
529 696
529 660
529 914
529 1085
529 1995
529 1779
529 731
529 966
529 850
529 1843
529 1307
529 957
529 1618
530 1029
530 1075
530 933
530 1421
530 1281
530 1968
531 830
531 531
531 1359
531 1399
531 1634
531 1900
532 1626
532 1656
532 712
532 1913
532 1971
532 1357
532 752
532 980
533 1817
533 1835
533 1913
533 1900
533 1566
533 1345
533 730
534 1284
534 534
534 1246
534 1814
534 849
535 1933
535 1171
535 1970
535 808
535 1637
535 806
535 1554
536 1123
536 640
536 1812
536 1169
536 883
536 742
536 1262
536 1977
537 1822
537 707
537 1422
537 1811
537 1980
538 856
538 1637
538 538
538 854
538 1980
538 1009
539 1706
539 719
539 831
539 1043
539 544
539 1858
539 753
540 972
540 1516
540 1181
540 1573
540 544
540 936
540 1417
540 574
541 787
541 853
541 1343
541 799
541 1372
541 1317
542 1365
542 1073
542 1439
542 1586
542 1956
542 1711
543 977
543 910
543 1559
543 820
543 724
543 1187
543 1503
543 919
543 1079
543 735
543 1095
543 1702
543 1918
543 1821
543 1739
543 1455
543 620
543 1945
543 967
543 1591
543 1296
543 694
543 1498
543 1846
543 612
543 543
543 1096
543 1304
543 644
543 1973
543 1679
543 822
543 1408
543 1374
544 831
544 1299
544 936
544 1190
544 1438
544 713
544 827
545 1798
545 1933
545 1171
545 868
545 1044
545 1035
546 1433
546 1191
546 643
546 1334
546 685
546 1577
546 673
547 1326
547 1562
547 560
548 1000
548 1697
548 1245
548 1634
548 1738
548 1987
548 770
548 1450
549 1273
549 904
549 1303
549 1694
549 1135
549 1594
549 1362
549 1893
549 549
549 837
549 1562
549 770
549 1845
549 1099
549 589
549 727
550 1677
550 1416
550 650
550 791
550 631
550 1874
550 1155
551 1474
551 820
551 1693
551 1575
551 833
551 760
551 1140
551 1104
552 1546
552 627
552 646
552 1317
552 1092
552 1980
552 1380
552 1637
553 1402
553 1954
553 1321
553 763
554 1311
554 1167
554 1180
554 560
554 1462
554 665
554 554
554 1657
554 1600
554 689
554 1713
555 1778
555 1599
555 555
555 732
555 1618
556 787
556 1062
556 1343
556 1317
556 1922
556 1304
556 1557
556 1368
556 853
556 1047
556 1102
556 997
556 1340
556 794
557 1794
557 1207
557 1659
557 573
557 940
558 1621
558 998
558 929
558 1328
558 1968
558 1075
558 1606
559 1258
559 618
559 581
559 1006
559 1602
559 1990
560 1762
560 1334
560 900
560 1713
561 1370
561 1028
561 1621
561 1977
561 1255
561 561
561 608
561 1583
561 1375
561 1243
561 942
561 1345
561 1504
561 606
562 1668
562 935
562 1369
562 1465
562 819
562 1981
562 1470
562 1469
562 1487
563 768
563 1026
563 789
563 1175
563 563
564 1572
564 1694
564 1822
564 1845
564 1498
564 837
565 1796
565 1677
565 657
565 1530
565 1648
565 1254
565 1935
565 1364
565 1596
565 1027
565 1479
565 702
566 1799
566 1506
566 816
566 1515
566 884
567 600
567 1437
567 1188
567 1057
567 666
568 1036
568 1178
568 996
568 1603
568 618
568 1060
568 617
568 756
568 1017
569 1013
569 1949
569 1960
569 865
569 1526
569 1645
570 1284
570 1265
570 1555
570 782
570 812
570 1073
570 934
570 1679
570 591
570 975
570 1147
570 1631
571 1446
571 571
571 725
571 787
571 1868
572 880
572 1194
572 737
572 1101
572 1485
573 1745
573 1270
573 1852
573 1619
573 715
573 1999
573 1329
573 1856
574 1177
574 1082
574 1992
574 711
574 1610
574 750
574 1717
574 698
574 1991
575 1493
575 1613
575 1761
575 835
575 840
575 976
576 1612
576 1663
576 762
576 1003
576 1168
576 1827
576 1121
576 1607
576 1270
576 761
577 1677
577 1935
577 657
577 1254
577 966
577 1156
577 737
578 1287
578 931
578 1065
578 1720
578 918
578 588
578 1969
579 1977
579 1243
579 1491
579 1583
579 1260
580 1634
580 1750
580 1738
580 1263
580 651
580 1800
581 704
581 1952
581 967
581 1504
582 1512
582 1795
582 927
582 1724
582 1605
582 1076
582 1297
582 1271
582 1389
582 923
582 1135
582 716
582 831
582 1383
582 1707
583 1939
583 1509
583 1174
584 1162
584 908
584 780
584 1446
584 1801
584 1999
584 1455
584 1118
585 1052
585 1594
585 844
585 727
586 1367
586 1536
586 1173
586 1314
586 1308
586 1518
586 1285
586 1973
586 906
586 1937
586 1397
586 684
586 1579
587 831
587 587
587 1181
587 972
587 1438
587 1649
587 1189
587 1043
587 1190
587 1827
587 1877
587 1391
587 759
587 1476
588 1712
588 1108
588 1072
588 948
588 868
588 726
588 850
588 813
588 1705
588 1496
588 1217
588 1021
588 1382
588 1287
588 1763
588 1180
588 1577
588 1208
589 771
589 1594
589 1001
589 727
590 725
590 1710
590 1879
590 1373
590 1686
590 1230
590 1333
590 668
590 1602
590 1496
591 1815
591 1451
591 1959
591 968
591 1715
591 781
591 1534
591 1168
592 1815
592 599
592 1303
592 1562
592 1215
593 1280
593 1484
593 769
593 1401
593 1227
593 732
593 1753
593 994
593 1774
593 1325
594 1510
594 1979
594 594
594 609
594 1719
594 1730
594 598
594 1978
594 1385
594 916
594 1394
594 1375
594 1634
594 1664
594 1624
594 1662
595 945
595 820
595 949
595 723
595 724
596 1181
596 1055
596 1706
596 972
596 642
596 1776
597 1452
597 1953
597 652
597 1912
597 1935
598 916
598 1979
598 1273
598 1714
598 1662
599 1673
599 702
599 1153
599 1354
599 1237
599 1247
599 863
599 1513
599 1639
599 649
599 1631
600 1170
600 718
600 944
600 1302
600 1521
600 1895
600 1921
600 649
600 1766
600 764
600 1800
600 610
600 601
601 717
601 1170
601 718
601 944
601 917
601 1895
601 601
601 778
601 753
601 992
601 1387
602 1474
602 1346
602 1353
602 1065
603 1027
603 1551
603 1951
603 1724
603 1445
603 1389
603 1234
603 667
604 1590
604 1602
604 1990
604 738
604 1865
604 1381
604 1297
604 1636
604 1638
605 1435
605 982
605 1355
605 1387
605 1564
605 865
606 1692
606 1829
606 688
606 1464
606 1243
606 608
606 1667
607 650
607 1233
607 920
607 1361
607 924
608 1809
608 1370
608 680
608 1030
608 1621
608 1977
608 1674
608 1106
609 1979
609 1624
609 744
609 878
609 1662
610 1544
610 1734
610 1642
610 1977
610 1772
610 1272
611 1749
611 777
611 1035
611 709
611 1485
611 1727
611 1229
611 1137
612 820
612 1739
612 967
612 724
612 1586
612 1618
613 821
613 1407
613 1584
613 1500
614 640
614 899
614 1046
614 1802
614 1757
614 1755
614 999
614 1176
614 1249
614 614
614 861
615 1334
615 906
615 1300
615 1173
615 1997
616 645
616 1222
616 1234
616 1630
616 1164
616 1242
616 616
616 1960
616 720
616 975
616 870
616 954
616 1105
616 1851
616 1472
616 1667
616 1378
616 1646
616 1390
616 1494
616 920
616 1984
617 1798
617 1162
617 908
617 1933
617 1310
617 1446
617 1873
617 1118
617 1095
617 782
618 1964
618 1178
618 821
618 1603
618 1988
618 1495
618 1580
618 618
618 681
618 867
618 630
618 1253
618 996
618 1088
618 1048
618 1456
618 1830
618 1756
618 1500
618 1486
618 1376
618 1914
618 1060
618 1766
618 1926
618 1608
618 803
618 1278
618 701
619 804
619 686
619 1140
620 860
620 820
621 1683
621 670
621 1565
621 1701
621 1467
621 1260
621 888
621 1785
622 1134
622 1835
622 645
622 1234
623 1329
623 1545
623 1425
623 766
623 1550
623 983
623 1248
624 1416
624 788
624 791
624 1226
624 631
625 645
625 954
625 1234
625 864
625 1264
625 1435
626 1175
626 1541
626 1182
626 1327
626 737
627 1136
627 701
627 1825
627 1671
627 1234
627 1422
627 1811
627 1380
627 1009
628 1677
628 1935
628 1318
628 1648
628 1184
628 1610
629 1971
629 712
629 717
629 1357
629 1694
629 1012
629 1264
630 1688
630 1048
630 1580
630 821
630 1603
631 1416
631 1398
631 920
631 788
631 1278
631 1277
632 1792
632 1069
632 1042
632 1505
633 821
633 657
633 668
633 1320
633 1101
633 1137
633 1782
633 1504
634 687
634 1056
634 821
635 1160
635 1545
635 1786
635 1947
635 1495
635 1291
636 1066
636 1326
636 1070
636 955
636 1349
636 1912
636 1323
636 1305
637 1935
637 1285
637 1173
637 1308
637 1314
638 776
638 1901
638 1301
638 1508
638 1727
638 1330
638 1040
638 1952
639 946
639 858
639 1788
639 880
639 1124
640 1802
640 1281
640 1169
640 1176
640 883
640 1249
640 1012
640 1600
640 1046
640 1818
640 1758
640 1755
640 1375
640 1760
640 788
640 1538
640 1389
640 1938
641 905
641 641
641 1450
641 1813
641 1518
641 1131
641 1679
642 1737
642 677
642 1157
642 1964
643 643
643 1191
643 1179
643 1735
643 1334
643 1338
643 1307
643 1063
643 1337
643 1186
643 729
643 1311
643 926
643 1045
643 1923
643 1341
643 1553
643 834
644 884
644 916
644 1652
644 1204
644 1165
644 1681
644 925
645 1630
645 1164
645 1667
645 1234
645 1627
645 1222
645 720
645 870
645 864
645 1668
645 1851
646 1148
646 1750
646 1637
647 1676
647 1833
647 705
647 1831
647 1420
647 658
647 796
648 1850
648 1293
648 773
648 1454
648 1517
649 764
649 1143
649 1800
649 1712
649 917
649 944
650 1738
650 1416
650 788
650 1398
650 920
650 1874
650 1226
650 1971
650 1609
651 1174
651 1653
651 702
651 732
651 739
651 1517
652 1203
652 1542
652 1413
652 1263
652 1414
652 668
653 1029
653 774
653 913
653 1172
654 1346
654 1388
654 784
654 1389
654 1248
654 1844
654 1724
655 1512
655 1655
655 1484
655 1510
655 1950
655 870
655 973
655 994
656 1508
656 1672
656 907
656 840
656 1323
656 656
656 1571
656 1850
656 1860
657 1539
657 1925
657 1677
657 1935
657 1016
657 1654
657 932
657 657
657 1001
657 1483
657 759
657 1441
657 1318
657 684
657 1555
658 1453
658 1050
658 1570
658 1699
658 1207
658 821
659 1457
659 1154
659 659
659 763
659 940
659 1406
659 844
659 807
659 1482
660 1399
660 773
660 1032
660 731
660 1601
660 1743
660 1618
661 986
661 754
661 672
661 1056
662 1212
662 1514
662 890
663 1494
663 1208
663 952
663 1261
663 1734
663 1772
663 1272
664 1206
664 1442
664 1577
664 1713
664 1355
665 1721
665 1784
666 1409
666 776
666 786
666 792
666 1508
667 1938
667 1986
667 1629
667 1865
668 1628
668 1589
668 1825
668 1053
668 668
668 1542
668 670
668 1121
668 1489
669 1310
669 1677
669 1809
669 932
669 1925
669 1001
669 1648
669 1714
669 1788
669 814
669 1479
669 1745
669 1718
670 712
670 1955
670 1392
670 1260
670 1958
670 1110
671 1815
671 1715
671 856
671 1532
671 938
671 1451
671 1080
671 1765
671 1534
671 1234
671 1101
672 1528
672 1554
672 689
672 997
672 1221
672 1562
672 1252
672 877
673 964
673 1049
673 1817
673 1855
673 754
673 1152
673 689
673 757
674 1783
674 1987
674 1930
674 1738
674 1000
675 971
675 993
675 1396
675 1225
675 675
675 1105
675 1958
675 1592
675 1339
675 1260
676 1381
676 1780
676 1387
676 1759
677 821
677 1306
677 982
677 1962
677 807
677 865
677 1526
678 1701
678 1316
678 1492
678 1049
678 1861
678 1575
678 1140
678 957
678 1509
678 1764
678 1089
678 1751
678 1911
678 1400
679 1569
679 1307
679 685
680 1446
680 1031
680 1790
680 818
680 846
680 1531
680 1996
680 1223
680 1068
680 861
680 848
680 1214
680 899
680 1867
681 1060
681 1193
681 1048
681 1580
681 810
681 910
682 1933
682 910
682 1752
682 1422
682 912
683 1050
683 1833
683 1570
683 1889
683 1733
683 1810
684 1539
684 1677
684 1935
684 1318
684 820
684 1479
685 1553
685 811
685 1081
685 1337
685 1063
685 1186
685 1191
685 1042
685 1433
685 685
685 1311
685 729
685 1735
685 1569
685 1338
685 1830
685 1803
685 953
685 697
685 1917
685 1780
685 1394
686 769
686 1316
686 1934
686 1089
687 1816
687 1067
687 1579
687 687
687 928
687 1083
687 958
687 1522
688 1592
688 1028
688 688
688 1621
688 1464
688 1885
689 820
689 1494
689 1643
689 877
689 1727
690 1431
690 784
690 827
690 1562
690 1844
690 1609
691 1793
691 1145
691 1487
691 1465
691 935
691 1350
691 825
691 1981
692 915
692 787
692 792
692 1557
692 1796
692 1236
692 1458
693 1552
693 693
693 1086
694 820
694 1846
694 1739
694 747
694 1480
695 1496
695 1495
695 1025
695 1454
695 1769
695 1517
696 1032
696 731
697 1174
697 1817
697 697
697 1345
697 1519
697 884
697 1019
698 1286
698 782
698 934
698 1631
698 1876
698 901
699 1971
699 1124
699 1357
699 712
699 1129
699 860
700 1522
700 894
700 1759
700 1499
700 1290
701 782
701 1436
701 1177
701 1880
702 1020
702 847
702 732
702 1653
703 1932
703 1677
703 814
703 1109
703 1001
703 1530
703 1318
703 1624
703 901
703 1648
703 1654
703 1173
703 1235
704 1840
704 1727
704 1986
704 1181
704 1281
704 1990
705 1794
705 1183
705 1420
705 705
705 1458
706 1507
706 1919
706 1742
706 1905
706 1739
707 1597
707 1992
707 1991
708 1024
708 1690
708 959
708 1347
708 1658
708 1367
708 1773
709 1956
709 1923
709 775
709 1035
709 1194
709 1443
709 1097
709 1101
710 1363
710 1709
710 1982
710 1155
710 1851
710 1912
710 1089
711 1364
711 1717
711 1218
711 812
711 1991
712 1971
712 1357
712 1123
712 1872
712 717
712 1617
712 721
712 759
712 1656
712 1626
712 878
712 1748
712 712
712 860
712 1311
712 938
712 1525
713 1566
713 1597
713 1991
714 1815
714 1451
714 1708
714 1367
714 1661
714 1534
714 1444
714 1464
715 1195
715 1459
715 1224
715 1270
715 937
715 1856
715 1348
715 1999
715 1747
715 1981
716 1952
716 1590
716 1629
716 1636
716 1638
717 1357
717 887
717 1582
717 752
717 878
717 1872
717 1626
717 1819
718 1720
718 1921
718 1170
718 944
718 917
718 1521
718 718
718 1463
719 928
719 1181
719 1055
720 1045
720 1222
720 1646
720 870
720 1234
721 965
721 1859
721 1014
721 1434
721 1609
722 1953
722 788
723 732
723 1430
723 1717
723 1664
724 1712
724 1296
724 820
724 1476
724 1739
724 864
725 908
725 1933
725 1171
725 833
725 1567
726 1705
726 1341
726 809
726 1496
726 1021
726 1837
726 1068
727 1530
727 884
727 904
727 1303
727 1630
727 1137
728 1197
728 1966
728 826
728 771
728 1370
728 1390
728 1399
728 1119
729 1433
729 1311
729 1569
729 1191
729 1541
730 1641
730 1664
730 1817
730 1808
730 884
730 1167
730 753
730 1345
730 1157
730 1900
730 1519
730 1913
730 1019
731 1032
731 1618
731 1374
732 1468
732 1030
732 732
732 755
732 739
732 863
732 1599
732 1513
732 1354
732 1153
732 963
732 1843
732 1239
732 1639
732 1237
732 1132
732 1023
732 1942
732 1681
733 1965
733 1966
733 1370
733 1858
733 1390
733 1399
733 825
733 1527
734 1357
734 1815
734 1451
734 856
734 848
734 1534
735 1296
735 820
735 782
736 1291
736 1984
736 1489
737 1685
737 1327
737 1887
737 1541
737 1182
737 737
737 1071
737 765
737 1256
737 1657
737 1771
737 779
737 1799
737 1930
737 1039
738 1986
738 1990
738 1629
738 1504
738 870
739 1599
739 1639
739 847
739 1515
739 1456
740 1928
740 1814
740 1633
740 1696
740 1929
740 1967
740 832
740 1520
740 827
740 1114
741 1171
741 1801
741 808
741 1310
741 741
742 1060
742 909
742 1819
742 1005
743 1025
743 926
743 875
743 1454
743 792
743 1769
743 1517
744 1510
744 746
744 1485
745 1314
745 1300
745 1660
745 1330
746 1029
746 774
746 905
746 1813
747 1876
747 1555
747 1947
748 1223
748 1333
748 1879
748 1240
749 1709
749 1539
749 1555
749 1838
749 1786
749 1594
749 1180
750 1051
750 1983
750 1218
750 1582
751 1258
751 751
751 885
751 1463
751 1144
752 823
752 1872
752 1374
753 1167
753 1817
753 884
753 1023
754 1552
754 1829
754 1684
755 1153
755 1354
755 1059
756 1887
756 1541
756 779
756 1071
756 1988
757 1554
757 1241
757 877
757 757
758 1069
758 816
758 1506
758 894
758 1299
758 1759
759 1971
759 965
759 1626
760 1432
760 1963
760 1140
760 1822
761 1110
761 1612
761 1121
761 1168
761 1015
761 1229
761 1275
761 761
761 1846
761 1410
761 762
762 770
762 1471
762 1612
762 1775
762 762
763 1154
763 795
763 1319
763 941
764 1754
764 1800
764 1302
764 944
764 1521
764 1186
764 1292
765 1842
765 1657
765 1671
766 995
766 1545
766 1555
767 1824
767 1752
767 839
767 1951
768 1910
768 1255
768 959
768 1954
769 1280
769 1312
769 1753
769 1227
769 1655
769 1410
769 1287
770 1347
770 1327
771 1474
771 1944
771 1698
771 969
771 851
771 871
771 1821
772 1678
772 772
772 924
772 1773
772 1514
773 1599
773 1023
773 905
773 914
773 1692
773 1743
773 1618
774 1172
774 1328
774 774
774 1127
774 1890
774 1988
774 886
775 1747
775 1025
775 854
775 1533
775 1194
775 1101
776 855
776 1501
776 1616
776 1558
776 1600
777 1187
777 1537
777 1032
777 957
777 1213
777 914
778 793
778 855
778 1508
778 1558
778 786
778 1008
778 1238
778 952
778 781
778 889
778 1724
779 1603
779 1423
779 1842
779 1758
779 1685
780 908
780 1933
780 808
780 1801
780 1790
780 869
780 1225
781 793
781 1501
781 1558
781 1706
781 1141
781 1635
781 1901
781 1296
782 934
782 1650
782 782
782 1221
782 1126
782 1073
782 1177
782 1732
782 1216
782 1880
782 1940
782 812
782 902
782 1679
782 1483
782 1426
782 1445
782 1004
782 1311
782 1149
782 1980
783 1154
783 1875
784 1640
784 1114
784 827
784 1609
784 1466
784 1757
784 1337
784 1724
784 1388
784 1389
785 1165
785 1942
785 1527
785 785
785 1681
785 925
786 786
786 793
787 1922
787 1557
787 1343
787 1062
787 1368
787 1304
787 792
787 787
787 1918
787 1543
787 988
788 1613
789 1050
789 1026
789 1847
789 789
789 1954
789 1460
789 1741
789 1402
790 1024
790 1793
790 1625
790 1689
790 1690
790 1347
790 1257
790 895
791 1522
791 1543
791 1416
791 1226
791 1233
791 1910
791 1708
792 1666
792 915
792 1557
792 1062
792 1317
792 1973
792 1184
792 1047
792 1059
793 1409
793 793
793 1522
793 1894
793 1456
794 1158
794 1684
795 1482
795 1697
795 807
795 1406
796 1453
796 1833
796 1794
796 1570
796 1420
796 1227
796 1842
796 1605
796 1183
797 1043
797 797
797 1523
798 1031
798 1478
798 1598
798 1068
798 1867
798 1332
799 1409
800 1165
800 1942
800 925
800 859
800 1744
800 1153
800 1527
801 1683
801 1592
801 1623
801 1396
801 881
801 1955
801 1260
801 996
801 1137
802 1820
802 1294
802 1105
802 1960
802 1937
802 1472
802 1234
803 1631
803 1430
803 1051
803 1566
803 961
804 1871
804 1858
804 1693
804 1151
804 1575
804 910
804 1885
804 1429
805 1157
805 1698
805 1557
805 969
805 1750
805 871
806 1933
806 869
806 907
806 808
807 1457
807 989
807 1482
807 1647
807 1576
808 1162
808 1933
808 942
808 1283
809 1705
809 1762
809 809
809 1706
809 813
810 1036
810 1238
810 1859
810 821
810 1603
810 1756
810 874
810 1017
811 1553
811 1042
811 1433
811 1186
811 1059
811 1334
811 811
811 1767
811 943
811 949
812 1631
812 1445
812 1314
812 1290
813 1287
813 1837
813 1763
813 843
813 868
813 1218
813 1712
813 1720
813 820
813 1660
814 1796
814 1677
814 1318
814 1558
815 1829
815 1255
815 1583
815 1731
815 817
816 1669
816 1799
816 1077
816 1787
816 1136
816 1226
817 1644
817 862
817 1689
817 987
817 1106
817 970
817 1675
817 1529
817 1464
818 1555
818 1996
818 1899
818 1781
818 1745
818 953
818 1722
819 1981
819 1577
820 1065
820 1503
820 820
820 1611
820 1945
820 1559
820 1079
820 1739
820 1455
820 919
820 1187
820 1095
820 1918
820 1296
820 1498
820 1821
820 910
820 977
820 1702
820 1476
820 1006
820 1385
820 1251
820 1595
820 1649
821 996
821 1036
821 1688
821 1048
821 821
821 867
821 1914
821 1376
821 1603
821 1500
821 1988
821 1178
821 1830
821 1407
821 874
821 1253
821 1017
821 1486
821 1495
821 1088
821 1060
821 1584
821 1756
821 1193
821 1456
821 1581
821 1724
821 1221
821 1293
821 1978
821 1264
822 1156
822 1411
823 1971
824 1777
824 1358
824 1839
824 845
824 1233
825 1403
825 873
825 935
825 870
825 1469
826 1816
826 1596
826 916
826 1551
826 1747
827 1353
827 1551
827 1297
827 923
827 1076
827 1724
827 1609
827 1877
827 1389
828 1873
828 1720
828 1549
828 1306
828 1610
828 1764
829 1616
829 1965
829 1587
829 1370
829 1620
829 981
829 1399
830 1197
830 1587
831 1299
831 1043
831 1576
832 1400
832 1345
832 1300
832 1928
832 1696
832 1209
832 1633
832 1784
832 1141
832 929
833 1933
833 833
833 1310
833 1171
833 1179
833 1879
834 1433
834 1052
835 1289
835 1078
835 1119
836 1587
836 909
836 1819
836 901
836 1993
836 1365
836 922
837 1796
837 1937
837 1173
837 1594
837 1711
837 1362
837 1488
838 1669
838 1815
838 1765
838 1250
838 1367
838 1715
838 1356
838 1117
838 1395
838 1451
838 1342
838 1532
838 1972
838 956
838 1220
838 1080
838 1975
838 1269
838 1192
838 1960
838 1149
838 1566
838 1628
838 1868
838 968
838 856
838 1852
839 1161
839 949
839 1855
840 1698
840 1672
840 907
840 1571
840 1831
841 1267
841 1025
841 1884
841 926
841 1769
841 1517
842 1933
842 1459
842 1329
842 842
842 1747
842 1641
842 1639
842 1694
843 931
843 1712
843 1714
843 1091
843 1837
843 1332
844 941
844 844
845 1872
845 1839
846 1223
846 1760
846 861
846 1531
846 1327
847 1468
847 1599
847 1354
847 1239
848 1297
848 1722
848 953
848 1149
849 1924
849 1944
849 1313
849 969
849 1284
849 952
849 1188
849 857
849 1459
850 1287
850 1762
850 1763
850 1712
850 1311
851 969
851 1698
851 1259
851 1561
851 871
851 851
851 1924
851 1358
851 1415
851 1887
852 1903
852 852
852 1182
853 1666
853 1047
853 1317
853 1062
853 1343
854 1414
854 1194
854 1101
854 1137
855 1933
855 1301
855 1901
855 1661
856 1815
856 1451
856 1202
856 1975
856 968
856 956
856 876
856 1959
856 1080
856 1269
856 1125
856 1117
856 1972
856 992
856 1192
856 1715
856 1356
856 1395
856 1708
856 856
856 1367
856 1532
856 1765
856 1147
856 1220
856 1250
856 1534
856 928
856 1847
856 1464
856 1096
856 1300
856 894
856 1071
857 1092
857 959
857 1024
857 1106
857 1257
857 1622
857 987
857 895
857 1285
858 1758
858 1400
858 1199
858 1107
858 1494
858 1165
859 1681
859 925
859 1204
859 1527
860 1971
860 1872
860 1748
860 1626
860 878
860 1185
860 1124
860 1234
861 1598
861 953
861 1531
861 1890
861 1478
861 1143
861 1886
862 1690
862 1854
862 1096
862 1622
862 1047
862 1257
863 1828
863 1239
864 1918
864 1234
864 1242
864 1630
864 1045
864 1627
864 1105
865 1511
865 982
865 952
866 1555
866 1947
866 1771
867 1798
867 1912
867 1036
867 1060
867 1830
867 1709
868 1287
868 1707
868 1194
869 1801
869 1171
869 1446
869 1798
869 1244
870 1234
871 1284
871 1129
871 1259
871 1205
872 1224
872 1142
872 1219
872 1316
873 1668
873 1969
873 1470
873 1469
873 984
873 947
874 1894
874 1193
874 1603
874 1584
874 1500
874 1048
874 1756
874 1495
874 1771
875 1454
875 986
875 1769
876 1815
876 1451
876 1220
876 968
876 1534
877 1001
877 1528
877 1282
877 1408
878 1971
878 1124
878 1246
878 1419
878 1228
879 1798
879 1162
879 1933
879 1873
879 1074
879 1141
879 1276
879 923
880 1703
880 1505
880 1278
880 1989
881 1025
881 1293
881 1517
882 1971
882 1810
882 1428
882 1195
882 1963
882 1459
883 918
883 1061
883 1758
883 1046
883 1600
883 1948
883 1946
883 991
883 1739
883 1426
884 1270
884 1817
884 1033
884 1664
884 1913
884 1019
884 1567
884 1345
884 1174
884 1808
884 884
884 1835
884 1383
884 1167
884 1258
884 1337
884 1468
885 1916
885 1533
885 1961
885 1864
885 1358
885 1839
885 1258
885 885
885 1824
885 1028
886 1607
886 1663
886 886
886 1229
886 1551
887 1971
887 1123
887 1361
888 1091
888 905
888 1683
888 1955
888 1701
888 945
888 1260
888 1547
888 1605
889 1573
889 1931
889 1785
890 1212
890 1546
890 942
890 1517
891 1399
891 960
891 1554
891 1282
891 1376
892 1459
892 1783
892 1842
892 1681
892 925
892 1393
892 1527
892 1742
893 1029
893 1813
894 1674
894 1087
894 1736
895 1675
895 1690
895 962
895 959
895 1106
895 980
895 895
895 1096
895 1793
895 1658
895 1854
895 1436
895 1744
895 1191
895 899
896 1188
896 1039
896 912
896 1344
896 1115
897 1529
897 1379
897 1274
897 1340
897 1309
897 1982
897 1661
897 1614
897 1361
897 978
897 1277
898 1280
898 1410
898 1950
898 1655
898 1510
898 1594
899 1901
899 1012
899 1538
899 899
899 1061
899 1574
899 1662
899 1812
899 1429
900 1412
900 1210
900 900
900 1220
900 1064
900 1454
901 946
901 1391
901 1542
901 1825
901 1589
902 1286
902 1445
902 1483
902 1732
902 1150
902 1177
902 1631
903 1228
903 1881
903 1411
903 1038
904 1408
904 1868
905 1029
905 1813
905 937
906 1883
906 1308
906 1718
906 1947
906 1173
906 1314
906 1973
907 1807
907 1886
907 1010
907 1858
907 1860
907 1876
908 1118
908 1933
908 1171
908 1815
909 1543
909 1536
909 1819
909 1365
909 1268
910 915
910 1006
910 1739
911 1539
911 1677
911 1568
911 1994
911 1530
912 1039
912 1684
912 1449
912 1182
913 1037
913 1511
913 926
913 1949
913 982
914 1358
915 915
915 1557
915 1922
915 1304
915 1892
915 1983
915 1863
916 1624
916 1719
917 1171
917 1512
917 944
917 1143
918 1954
918 1778
919 1455
919 1187
919 1996
920 1002
920 1416
920 1142
920 1207
920 1426
920 1599
921 1360
921 1032
921 1618
921 1007
921 1692
921 1198
922 1036
922 1199
922 1322
922 946
923 1877
923 1609
923 1388
923 1551
923 1563
924 1116
924 1514
924 1546
924 1386
924 1212
925 1681
925 1204
925 1941
925 1393
925 1315
925 1527
925 1652
925 1942
925 1331
925 1177
925 1818
926 1869
926 986
926 1547
926 1480
926 931
926 1315
926 1454
926 1769
927 1605
927 1114
927 1891
927 1102
927 1609
928 1163
928 1816
928 1579
929 1860
929 1607
929 1804
929 933
929 1968
930 1723
930 1531
930 1375
930 1464
931 1287
931 1705
931 1382
931 1428
931 1720
931 1902
931 1815
931 1318
932 1539
932 1925
932 1677
933 1788
933 1198
933 1344
933 1066
933 1234
933 1968
933 1075
934 1286
934 1436
934 1401
934 1631
935 1227
935 1541
935 1668
935 1403
935 1834
935 1499
935 1469
936 1706
936 1649
936 1299
936 1892
937 1428
937 1862
937 1810
937 1265
937 1999
937 1747
938 1318
938 1804
938 1421
938 1448
938 1968
938 1726
939 1534
939 1683
939 1565
939 939
939 1225
939 1623
939 993
939 1260
939 1589
940 1154
941 1388
941 1319
941 1671
942 1961
942 1916
942 1839
942 1866
942 1258
942 1014
942 1936
943 988
943 1348
943 1851
943 1965
944 1019
944 944
944 1521
944 1800
944 1170
944 1302
944 1143
944 1916
944 1179
944 1978
944 1216
945 1683
945 1359
945 1396
945 1565
945 971
945 1623
945 1260
945 1197
946 1939
946 1703
946 1322
946 1989
946 1278
946 1505
946 1788
947 1623
947 1260
947 947
948 1712
948 1866
948 1684
949 976
949 1351
949 1934
949 949
949 1119
949 1855
949 1289
949 1613
949 1488
949 1417
950 1205
950 1461
950 1881
950 1118
950 1228
951 1037
951 1306
951 1435
951 1387
951 1526
951 982
952 1714
952 1294
952 1946
952 1141
953 1996
953 1531
953 1892
953 1625
953 1457
953 1722
953 1781
954 1166
954 1667
954 1234
954 1264
955 1573
955 958
955 1572
955 1214
955 1709
955 1308
955 1702
955 1912
956 1669
956 1815
956 1451
956 1708
956 1202
956 1367
956 1677
956 1468
957 1124
957 1032
957 1743
957 1618
958 1066
958 1326
958 1912
958 1682
959 1689
959 1106
959 1854
959 1622
959 1793
959 1139
960 1464
960 1849
960 960
961 1459
961 1051
961 1597
961 1991
961 1610
962 1024
962 1690
962 1139
962 1035
962 1888
962 987
962 1644
962 1728
963 1153
963 1237
963 1132
963 1813
964 1920
964 1795
964 1670
964 1298
964 1682
964 1090
964 1687
964 1414
964 967
965 1582
965 1656
965 1767
965 1872
965 1123
965 1453
965 1380
966 1032
966 1213
966 1717
967 1559
967 1846
967 1739
967 1845
968 1815
968 1669
968 1395
968 1117
968 1534
968 1221
968 1137
969 1561
969 1093
969 1974
969 1698
969 1791
970 1573
970 1690
970 1675
970 1444
971 1507
971 1054
971 1339
971 1225
971 1785
972 1189
973 1512
973 1401
973 1280
973 1510
973 1313
973 1912
974 1979
974 1730
974 1857
974 1624
974 1662
975 1627
975 1222
975 1893
975 1234
975 1264
976 1047
976 1215
976 1205
977 1476
977 1739
977 1531
977 1769
978 1427
978 1661
978 1614
978 1274
978 1023
978 1769
979 1831
979 1032
979 1618
979 1651
979 1350
979 1780
979 1863
980 1024
980 1690
980 1347
980 1096
980 1649
980 1885
981 1716
981 1399
981 1290
982 1306
982 1929
983 1555
983 1113
983 1425
983 1156
983 1625
983 1138
984 1469
984 1834
984 1145
984 1470
984 1055
984 1599
984 1770
984 1878
985 1872
985 1814
985 1604
985 1633
985 1520
986 1025
986 1502
986 1371
986 1244
986 1710
986 1884
986 1591
986 1769
986 1517
987 1347
987 1812
987 1466
987 1137
988 1933
988 1197
988 1965
988 1399
988 1390
989 1671
989 1417
990 1814
990 1754
990 1604
990 990
990 1791
990 1633
991 1672
991 1571
991 1831
991 1858
991 1860
991 1876
991 1915
992 1815
992 1451
992 1202
992 1356
992 1534
992 1965
993 1410
993 1683
993 1701
993 1396
993 1592
993 1339
993 1386
993 1315
993 1413
993 1072
993 1260
993 1520
993 1773
994 1950
994 1410
994 1280
994 1774
994 1401
994 994
994 1312
994 1092
994 1359
994 1510
995 1365
995 1268
995 1436
995 1646
995 1942
996 1060
996 1238
996 1603
996 1814
997 1916
997 1738
997 1282
997 1554
997 1252
998 1236
998 1895
998 1448
998 1704
998 1198
998 1968
999 1802
1000 1697
1000 1058
1000 1738
1000 1608
1000 1000
1000 1783
1000 1336
1000 1497
1000 1828
1000 1987
1000 1943
1000 1136
1000 1986
1000 1734
1001 1796
1001 1677
1001 1441
1001 1318
1001 1364
1001 1935
1001 1654
1002 1673
1002 1474
1002 1906
1002 1353
1002 1570
1002 1539
1003 1432
1003 1121
1003 1669
1003 1015
1003 1663
1004 1614
1004 1004
1004 1467
1004 1241
1005 1295
1005 1879
1005 1782
1006 1559
1006 1187
1006 1739
1006 1006
1007 1814
1007 1209
1008 1558
1008 1301
1008 1635
1008 1894
1008 1433
1009 1422
1009 1637
1009 1815
1010 1672
1010 1858
1010 1860
1010 1876
1010 1883
1010 1629
1011 1238
1011 1811
1011 1263
1012 1341
1012 1538
1012 1521
1013 1924
1013 1750
1013 1944
1014 1103
1014 1839
1014 1379
1015 1275
1015 1121
1015 1775
1015 1471
1015 1379
1015 1364
1016 1677
1016 1318
1016 1288
1016 1530
1017 1603
1017 1238
1017 1060
1017 1581
1017 1988
1017 1688
1017 1807
1017 1074
1017 1314
1018 1263
1018 1053
1018 1825
1018 1018
1018 1290
1018 1564
1018 1583
1018 1141
1019 1954
1019 1033
1019 1383
1019 1835
1019 1167
1019 1913
1019 1519
1019 1336
1019 1840
1020 1558
1020 1306
1020 1138
1020 1599
1020 1168
1021 1837
1021 1712
1021 1206
1021 1986
1022 1326
1022 1214
1022 1912
1022 1363
1022 1573
1022 1711
1023 1815
1023 1062
1023 1580
1024 1793
1024 1675
1024 1139
1024 1166
1024 1689
1024 1690
1025 1517
1025 1547
1025 1480
1025 1769
1025 1454
1025 1418
1025 1884
1025 1025
1025 1244
1025 1371
1025 1293
1025 1502
1025 1710
1025 1708
1025 1596
1026 1419
1026 1789
1026 1823
1026 1321
1026 1460
1026 1910
1026 1619
1026 1595
1026 1369
1027 1090
1027 1434
1027 1795
1027 1687
1027 1166
1027 1682
1027 1820
1027 1848
1028 1464
1028 1731
1028 1789
1028 1241
1029 1836
1029 1029
1029 1813
1029 1144
1029 1792
1029 1450
1030 1153
1030 1843
1030 1132
1030 1653
1030 1354
1031 1996
1031 1223
1031 1602
1031 1531
1032 1692
1032 1213
1032 1743
1032 1651
1032 1618
1032 1374
1032 1271
1032 1325
1032 1379
1033 1664
1033 1900
1033 1033
1033 1817
1033 1345
1033 1913
1034 1533
1034 1839
1034 1961
1034 1864
1034 1141
1035 1376
1035 1802
1035 1930
1035 1923
1035 1137
1035 1035
1035 1104
1035 1878
1035 1897
1035 1863
1035 1097
1035 1910
1035 1194
1036 1988
1036 1580
1036 1495
1037 1549
1037 1962
1037 1733
1037 1306
1038 1765
1038 1139
1038 1053
1038 1881
1038 1491
1038 1228
1039 1306
1039 1437
1039 1158
1039 1039
1039 1635
1039 1389
1040 1260
1040 1068
1040 1578
1040 1790
1040 1888
1040 1531
1041 1160
1041 1923
1041 1137
1041 1372
1041 1520
1041 1194
1041 1897
1041 1990
1042 1338
1042 1186
1042 1179
1042 1311
1042 1601
1042 1307
1042 1308
1043 1420
1043 1299
1043 1776
1043 1960
1043 1181
1043 1189
1043 1438
1044 1954
1044 1725
1044 1904
1044 1424
1045 1378
1045 1242
1045 1590
1046 1169
1046 1262
1046 1569
1046 1948
1047 1666
1047 1317
1048 1407
1048 1688
1048 1088
1048 1559
1048 1060
1048 1193
1048 1603
1048 1486
1048 1946
1049 1751
1049 1325
1049 1728
1049 1089
1049 1911
1050 1207
1050 1676
1050 1749
1051 1738
1051 1430
1051 1082
1051 1542
1051 1112
1052 1559
1052 1887
1052 1135
1052 1956
1052 1443
1052 1594
1053 1413
1054 1431
1054 1964
1055 1181
1055 1056
1055 1695
1055 1190
1056 1864
1056 1516
1056 1580
1056 1695
1056 1189
1056 1776
1056 1615
1057 1684
1057 1158
1057 1115
1057 1306
1058 1943
1058 1608
1058 1391
1059 1179
1059 1338
1059 1063
1060 1178
1060 1756
1060 1376
1060 1500
1060 1603
1060 1060
1060 1581
1060 1407
1060 1896
1061 1802
1061 1176
1061 1169
1061 1574
1062 1922
1062 1317
1062 1576
1063 1433
1063 1569
1063 1186
1063 1817
1064 1064
1064 1412
1064 1444
1064 1462
1065 1108
1065 1705
1065 1712
1065 1333
1066 1573
1066 1066
1066 1326
1066 1349
1066 1912
1067 1163
1067 1926
1067 1252
1067 1452
1067 1776
1067 1233
1068 1075
1069 1674
1069 1515
1069 1077
1069 1069
1069 1506
1069 1360
1069 1732
1069 1120
1069 1736
1069 1331
1070 1572
1070 1982
1070 1335
1070 1834
1070 1912
1070 1722
1070 1231
1071 1541
1071 1327
1071 1423
1071 1256
1072 1287
1072 1705
1072 1837
1072 1763
1072 1762
1072 1438
1073 1781
1073 1679
1073 1177
1073 1631
1073 1650
1073 1101
1074 1269
1074 1536
1074 1380
1075 1448
1075 1606
1076 1563
1076 1179
1077 1674
1077 1515
1078 1927
1078 1761
1078 1389
1078 1488
1079 1162
1079 1739
1080 1815
1080 1532
1080 1959
1080 1125
1080 1476
1081 1186
1081 1798
1081 1660
1082 1218
1082 1717
1082 1082
1082 1941
1082 1992
1083 1816
1083 1452
1084 1548
1084 1424
1084 1984
1084 1452
1084 1100
1085 1692
1085 1350
1085 1618
1085 1112
1085 1374
1085 1779
1086 1548
1086 1235
1086 1352
1086 1689
1086 1477
1086 1998
1087 1499
1087 1938
1088 1830
1088 1193
1088 1988
1089 1325
1089 1861
1089 1432
1089 1492
1089 1140
1089 1316
1089 1268
1089 1338
1089 1911
1090 1510
1090 1414
1090 1670
1090 1166
1091 1705
1091 1837
1091 1363
1092 1690
1092 1102
1092 1139
1093 1924
1093 1561
1093 1750
1093 1690
1094 1431
1094 1475
1094 1927
1094 1677
1095 1296
1095 1804
1095 1739
1095 1630
1096 1689
1096 1793
1096 1467
1096 1672
1096 1528
1097 1603
1097 1194
1097 1863
1097 1101
1097 1137
1098 1539
1098 1677
1098 1935
1098 1318
1098 1479
1098 1654
1099 1845
1099 1586
1099 1099
1099 1112
1100 1911
1100 1231
1100 1725
1100 1100
1101 1430
1101 1194
1101 1485
1101 1930
1101 1137
1101 1923
1101 1104
1101 1863
1101 1372
1101 1124
1101 1563
1101 1238
1102 1801
1102 1933
1102 1798
1102 1746
1102 1454
1103 1301
1103 1324
1103 1839
1103 1722
1103 1258
1103 1799
1103 1314
1104 1140
1104 1923
1104 1194
1104 1485
1104 1320
1104 1200
1104 1897
1105 1725
1105 1472
1105 1234
1106 1473
1106 1874
1106 1622
1106 1984
1107 1989
1107 1788
1107 1556
1107 1980
1108 1287
1108 1217
1108 1705
1108 1338
1108 1496
1109 1837
1109 1539
1109 1677
1109 1479
1109 1475
1109 1685
1110 1742
1110 1229
1111 1852
1111 1747
1111 1619
1113 1157
1113 1160
1113 1555
1114 1844
1114 1813
1114 1519
1115 1783
1115 1684
1115 1158
1116 1685
1116 1327
1116 1842
1116 1771
1116 1887
1117 1669
1117 1815
1117 1451
1117 1220
1118 1933
1118 1801
1118 1216
1118 1715
1120 1672
1120 1876
1120 1541
1121 1229
1121 1154
1121 1136
1122 1697
1122 1738
1122 1987
1122 1615
1122 1122
1122 1819
1122 1783
1123 1971
1123 1748
1123 1449
1123 1663
1124 1582
1124 1971
1124 1730
1125 1798
1125 1815
1125 1708
1125 1202
1125 1220
1125 1765
1125 1549
1125 1681
1126 1631
1126 1286
1126 1158
1126 1923
1126 1137
1127 1328
1127 1813
1127 1344
1128 1159
1128 1985
1128 1613
1128 1593
1128 1675
1128 1782
1129 1313
1130 1850
1130 1883
1130 1858
1130 1892
1131 1677
1131 1318
1131 1479
1131 1539
1131 1654
1131 1786
1131 1648
1131 1697
1131 1751
1131 1662
1132 1468
1132 1239
1132 1373
1133 1971
1133 1666
1133 1601
1134 1672
1134 1858
1134 1883
1134 1807
1135 1245
1135 1594
1136 1792
1137 1484
1137 1930
1137 1320
1137 1194
1137 1878
1137 1863
1137 1137
1137 1367
1137 1207
1138 1555
1138 1805
1138 1213
1139 1777
1139 1830
1139 1690
1139 1473
1139 1689
1139 1622
1139 1658
1139 1835
1139 1599
1140 1751
1140 1492
1140 1728
1140 1693
1140 1575
1140 1400
1140 1958
1140 1911
1141 1294
1141 1946
1141 1734
1141 1707
1141 1490
1141 1453
1141 1523
1141 1272
1142 1780
1142 1874
1142 1226
1142 1233
1142 1142
1142 1857
1143 1921
1143 1895
1143 1521
1143 1354
1143 1968
1144 1813
1145 1444
1145 1588
1145 1770
1146 1797
1146 1157
1146 1927
1146 1987
1147 1815
1147 1192
1147 1451
1147 1202
1147 1888
1147 1597
1148 1523
1148 1422
1148 1251
1149 1742
1149 1303
1149 1562
1149 1439
1149 1845
1150 1178
1150 1810
1150 1428
1150 1459
1151 1839
1151 1415
1151 1693
1151 1911
1151 1740
1151 1372
1151 1409
1152 1573
1152 1643
1152 1780
1152 1282
1153 1843
1153 1611
1153 1599
1153 1354
1153 1239
1154 1813
1154 1671
1155 1982
1155 1363
1155 1912
1155 1535
1155 1672
1155 1572
1156 1199
1156 1505
1156 1989
1156 1509
1157 1737
1157 1927
1157 1276
1157 1157
1157 1554
1157 1431
1157 1964
1157 1871
1158 1437
1158 1622
1158 1684
1159 1332
1159 1201
1160 1561
1160 1955
1160 1555
1161 1481
1161 1613
1161 1985
1161 1855
1161 1326
1162 1873
1162 1933
1162 1476
1163 1953
1163 1803
1163 1926
1163 1201
1163 1816
1163 1608
1164 1935
1164 1261
1164 1222
1164 1234
1164 1264
1165 1527
1165 1429
1165 1681
1166 1920
1166 1414
1166 1292
1166 1687
1166 1166
1166 1806
1166 1682
1166 1469
1167 1817
1167 1664
1167 1383
1167 1174
1167 1900
1169 1538
1169 1281
1169 1755
1169 1818
1169 1758
1169 1806
1170 1766
1170 1170
1170 1627
1170 1397
1170 1383
1170 1521
1171 1798
1171 1446
1171 1310
1171 1220
1172 1172
1172 1807
1172 1729
1173 1285
1173 1973
1173 1718
1173 1300
1173 1397
1173 1308
1173 1660
1173 1356
1173 1314
1174 1519
1174 1664
1174 1345
1175 1460
1175 1741
1175 1744
1175 1823
1175 1954
1175 1789
1175 1747
1176 1281
1176 1595
1176 1354
1178 1580
1178 1677
1179 1433
1179 1837
1180 1976
1181 1516
1181 1190
1181 1438
1181 1649
1181 1597
1181 1370
1181 1469
1182 1541
1182 1423
1182 1771
1182 1256
1183 1712
1183 1420
1183 1833
1184 1539
1184 1677
1184 1745
1185 1979
1185 1896
1185 1919
1185 1208
1185 1438
1185 1472
1186 1311
1186 1186
1186 1609
1187 1716
1187 1559
1187 1739
1188 1914
1189 1190
1189 1218
1190 1846
1191 1334
1191 1553
1192 1669
1192 1815
1192 1269
1192 1192
1192 1620
1193 1688
1193 1253
1193 1603
1193 1221
1194 1320
1194 1863
1194 1923
1194 1485
1194 1897
1194 1372
1194 1930
1194 1814
1194 1787
1194 1880
1195 1428
1195 1909
1195 1482
1196 1349
1196 1929
1196 1754
1196 1853
1196 1604
1196 1696
1196 1814
1196 1633
1197 1370
1197 1348
1197 1358
1198 1198
1198 1606
1199 1729
1199 1650
1200 1979
1200 1665
1200 1212
1200 1514
1201 1846
1201 1593
1202 1815
1202 1728
1202 1715
1202 1220
1202 1835
1203 1810
1203 1999
1203 1458
1203 1851
1204 1681
1204 1880
1204 1527
1205 1206
1205 1985
1206 1596
1206 1370
1206 1602
1207 1676
1207 1570
1207 1453
1207 1833
1207 1786
1207 1733
1208 1433
1208 1539
1208 1719
1208 1662
1208 1211
1209 1814
1209 1754
1209 1520
1209 1633
1209 1784
1209 1791
1209 1251
1210 1300
1210 1239
1211 1355
1211 1211
1212 1274
1212 1665
1212 1525
1212 1408
1212 1678
1212 1773
1212 1546
1212 1212
1212 1656
1212 1514
1213 1749
1213 1213
1213 1651
1214 1931
1215 1934
1215 1613
1215 1911
1215 1985
1215 1761
1216 1631
1216 1436
1216 1267
1217 1837
1217 1496
1217 1341
1217 1237
1217 1397
1218 1268
1219 1813
1219 1597
1219 1361
1219 1610
1219 1454
1220 1815
1220 1959
1220 1451
1220 1972
1220 1532
1220 1669
1220 1975
1220 1395
1220 1356
1220 1850
1220 1354
1221 1436
1221 1650
1221 1849
1221 1643
1222 1447
1222 1310
1222 1234
1222 1646
1223 1299
1223 1531
1224 1428
1224 1459
1224 1909
1224 1270
1224 1521
1224 1999
1224 1747
1224 1641
1225 1683
1225 1260
1225 1386
1225 1411
1226 1791
1227 1774
1227 1401
1227 1510
1227 1428
1228 1680
1228 1587
1229 1612
1229 1607
1229 1699
1229 1663
1230 1645
1230 1295
1230 1333
1230 1752
1230 1546
1230 1879
1231 1737
1231 1489
1232 1328
1232 1392
1233 1836
1233 1416
1234 1382
1234 1667
1234 1242
1234 1447
1234 1630
1234 1378
1234 1472
1234 1851
1234 1264
1234 1646
1234 1960
1234 1376
1235 1489
1236 1560
1236 1309
1236 1361
1236 1277
1237 1428
1237 1254
1237 1239
1238 1688
1238 1584
1238 1603
1239 1247
1239 1417
1240 1333
1240 1752
1240 1373
1242 1488
1243 1662
1243 1583
1243 1464
1244 1797
1244 1963
1244 1293
1244 1869
1244 1769
1244 1517
1245 1856
1245 1738
1245 1697
1245 1608
1245 1645
1245 1783
1246 1974
1246 1441
1247 1354
1247 1639
1247 1599
1247 1361
1247 1513
1248 1970
1248 1427
1248 1560
1248 1440
1248 1361
1248 1620
1248 1563
1248 1438
1248 1575
1248 1960
1249 1757
1249 1281
1249 1538
1250 1959
1250 1708
1250 1283
1251 1422
1251 1700
1251 1367
1252 1474
1253 1736
1253 1584
1253 1495
1254 1539
1254 1677
1254 1318
1255 1464
1255 1977
1255 1375
1255 1625
1255 1837
1256 1614
1256 1423
1256 1256
1257 1622
1257 1766
1257 1547
1258 1961
1258 1358
1258 1324
1258 1839
1258 1777
1258 1267
1258 1258
1258 1769
1258 1602
1259 1924
1259 1944
1259 1436
1259 1775
1260 1683
1260 1565
1260 1592
1260 1392
1260 1623
1260 1785
1260 1386
1260 1701
1260 1958
1260 1396
1260 1467
1260 1955
1260 1789
1261 1417
1261 1294
1261 1544
1261 1757
1262 1538
1262 1757
1262 1547
1263 1628
1264 1634
1264 1960
1264 1646
1264 1936
1264 1638
1265 1459
1265 1976
1265 1999
1265 1599
1266 1333
1266 1752
1266 1587
1267 1961
1267 1839
1267 1358
1267 1762
1268 1819
1268 1446
1268 1722
1269 1815
1269 1708
1269 1331
1270 1852
1270 1856
1270 1747
1271 1297
1271 1563
1271 1951
1271 1724
1271 1609
1271 1593
1271 1913
1272 1294
1272 1734
1272 1544
1272 1707
1272 1946
1272 1997
1272 1360
1273 1719
1273 1394
1273 1544
1273 1371
1274 1556
1274 1361
1275 1471
1275 1455
1277 1560
1277 1361
1277 1824
1278 1729
1278 1454
1279 1819
1279 1746
1279 1693
1279 1900
1280 1312
1280 1512
1280 1510
1280 1774
1280 1843
1280 1875
1281 1600
1281 1948
1281 1757
1281 1878
1282 1643
1282 1422
1283 1841
1284 1698
1284 1924
1284 1750
1285 1285
1285 1314
1285 1898
1285 1718
1285 1937
1285 1518
1285 1747
1285 1308
1286 1786
1286 1940
1286 1445
1287 1382
1287 1714
1287 1447
1287 1909
1287 1705
1287 1837
1287 1712
1288 1951
1288 1542
1288 1460
1289 1934
1289 1481
1289 1351
1289 1411
1289 1855
1290 1712
1290 1833
1290 1571
1290 1564
1290 1290
1291 1984
1292 1414
1292 1670
1292 1806
1292 1885
1292 1491
1292 1880
1293 1480
1293 1296
1293 1769
1293 1517
1294 1544
1294 1772
1294 1946
1294 1366
1294 1707
1294 1642
1294 1319
1294 1734
1294 1490
1295 1469
1295 1295
1295 1686
1295 1782
1295 1373
1295 1363
1295 1333
1295 1752
1296 1318
1296 1559
1296 1739
1296 1456
1297 1551
1298 1920
1298 1820
1298 1687
1298 1806
1298 1576
1298 1544
1299 1931
1300 1414
1300 1915
1300 1898
1300 1314
1300 1660
1300 1536
1300 1718
1300 1308
1301 1409
1301 1901
1301 1902
1302 1495
1302 1322
1303 1997
1303 1822
1303 1711
1303 1801
1303 1443
1303 1749
1303 1734
1305 1340
1305 1408
1305 1546
1305 1525
1305 1514
1305 1773
1306 1549
1306 1355
1306 1764
1306 1511
1306 1435
1306 1381
1306 1387
1306 1351
1306 1442
1307 1328
1307 1433
1307 1879
1307 1311
1307 1576
1308 1536
1308 1937
1308 1308
1308 1915
1308 1718
1309 1936
1309 1556
1309 1614
1309 1620
1309 1743
1309 1681
1310 1933
1310 1446
1310 1873
1310 1913
1311 1311
1311 1794
1312 1510
1312 1950
1312 1401
1312 1753
1312 1524
1313 1319
1313 1447
1314 1565
1314 1937
1314 1718
1314 1518
1314 1397
1314 1536
1314 1440
1314 1779
1315 1818
1315 1681
1315 1652
1315 1527
1316 1516
1316 1751
1316 1740
1316 1522
1316 1400
1317 1922
1317 1761
1318 1677
1318 1994
1318 1318
1318 1364
1318 1925
1318 1796
1318 1441
1318 1479
1318 1745
1318 1814
1318 1764
1319 1457
1320 1863
1320 1842
1321 1612
1322 1709
1322 1703
1322 1494
1323 1847
1323 1672
1323 1876
1324 1864
1325 1693
1325 1728
1325 1684
1326 1572
1326 1709
1326 1912
1326 1326
1326 1933
1327 1685
1327 1423
1327 1327
1328 1813
1328 1464
1329 1677
1329 1963
1329 1459
1329 1810
1329 1999
1329 1747
1329 1461
1330 1736
1330 1538
1330 1963
1330 1873
1330 1976
1330 1999
1330 1747
1331 1999
1331 1941
1331 1681
1331 1393
1331 1527
1332 1683
1332 1855
1332 1827
1333 1478
1333 1879
1333 1752
1333 1333
1333 1622
1333 1782
1334 1569
1334 1337
1335 1931
1335 1572
1335 1573
1335 1709
1335 1763
1335 1349
1335 1464
1336 1497
1336 1634
1336 1697
1336 1738
1337 1674
1337 1553
1337 1433
1337 1569
1337 1500
1338 1569
1338 1659
1339 1592
1339 1683
1339 1392
1339 1381
1340 1415
1340 1514
1340 1527
1341 1705
1341 1712
1341 1585
1342 1669
1342 1815
1342 1451
1342 1975
1342 1995
1342 1813
1344 1344
1344 1704
1345 1383
1345 1664
1345 1567
1346 1875
1347 1793
1347 1690
1347 1473
1347 1726
1348 1716
1348 1803
1348 1370
1349 1573
1349 1982
1349 1496
1349 1854
1349 1589
1350 1779
1350 1350
1350 1651
1351 1593
1351 1934
1351 1584
1351 1493
1352 1424
1352 1552
1352 1477
1353 1474
1353 1353
1353 1905
1353 1507
1353 1742
1353 1467
1353 1875
1353 1384
1353 1735
1354 1807
1354 1843
1354 1354
1355 1796
1356 1669
1356 1815
1356 1451
1356 1971
1357 1971
1357 1972
1358 1871
1358 1961
1358 1408
1358 1568
1358 1804
1359 1826
1359 1452
1359 1565
1359 1592
1359 1467
1360 1723
1360 1736
1361 1661
1361 1620
1361 1415
1361 1529
1361 1614
1361 1407
1361 1654
1362 1622
1362 1826
1362 1749
1363 1573
1363 1912
1364 1677
1365 1993
1366 1417
1366 1734
1366 1366
1366 1772
1366 1972
1366 1466
1366 1377
1367 1669
1367 1815
1369 1668
1369 1469
1369 1770
1370 1587
1370 1596
1370 1647
1370 1399
1371 1526
1371 1517
1371 1769
1373 1752
1374 1537
1374 1743
1374 1897
1374 1928
1376 1830
1377 1734
1377 1544
1377 1707
1377 1490
1377 1642
1377 1979
1377 1480
1378 1378
1379 1936
1379 1614
1379 1529
1379 1699
1379 1513
1380 1422
1380 1380
1380 1700
1380 1611
1381 1549
1381 1980
1382 1705
1382 1837
1382 1712
1382 1720
1382 1762
1382 1736
1383 1817
1383 1900
1384 1875
1384 1522
1384 1903
1384 1905
1384 1853
1385 1738
1385 1978
1386 1785
1387 1444
1388 1551
1388 1877
1388 1389
1389 1724
1389 1609
1389 1844
1389 1466
1389 1891
1390 1587
1390 1763
1391 1788
1392 1683
1392 1958
1392 1467
1392 1785
1392 1812
1392 1665
1393 1681
1393 1739
1393 1465
1393 1527
1394 1719
1394 1624
1394 1662
1395 1943
1396 1499
1396 1701
1396 1445
1396 1554
1398 1936
1399 1799
1399 1399
1399 1716
1399 1787
1399 1587
1399 1605
1399 1557
1399 1706
1400 1603
1400 1625
1400 1751
1400 1575
1401 1753
1401 1965
1402 1741
1402 1799
1402 1473
1403 1469
1404 1522
1404 1736
1405 1964
1405 1871
1406 1406
1406 1948
1407 1456
1407 1603
1408 1525
1408 1546
1409 1558
1409 1450
1410 1655
1410 1510
1411 1433
1411 1680
1411 1881
1412 1721
1413 1628
1413 1932
1414 1670
1414 1820
1414 1806
1414 1687
1414 1414
1415 1440
1415 1415
1415 1936
1415 1556
1415 1661
1415 1620
1415 1690
1415 1854
1417 1490
1417 1946
1417 1544
1417 1557
1418 1992
1418 1454
1418 1884
1418 1724
1418 1769
1419 1847
1419 1954
1420 1733
1420 1570
1420 1833
1421 1804
1421 1483
1421 1968
1422 1700
1422 1714
1423 1738
1423 1541
1423 1887
1424 1786
1424 1907
1424 1833
1424 1552
1424 1489
1425 1579
1425 1425
1425 1555
1425 1947
1425 1838
1426 1483
1426 1732
1426 1631
1426 1766
1427 1512
1428 1862
1428 1747
1428 1976
1428 1963
1428 1605
1428 1852
1429 1451
1429 1962
1429 1681
1429 1942
1429 1527
1430 1992
1431 1797
1431 1826
1431 1871
1431 1999
1431 1773
1432 1492
1432 1728
1432 1432
1432 1861
1432 1469
1433 1569
1433 1433
1433 1553
1433 1495
1433 1637
1434 1920
1434 1687
1434 1576
1434 1848
1434 1598
1434 1779
1435 1539
1435 1435
1435 1631
1436 1880
1436 1483
1436 1650
1437 1684
1437 1832
1437 1449
1439 1749
1439 1868
1439 1491
1439 1594
1440 1936
1440 1440
1440 1620
1440 1920
1441 1677
1441 1530
1441 1745
1441 1734
1442 1759
1442 1764
1442 1528
1443 1822
1443 1711
1443 1493
1443 1594
1443 1749
1444 1588
1444 1981
1444 1469
1445 1702
1445 1631
1445 1960
1446 1933
1447 1667
1448 1968
1448 1448
1450 1597
1451 1901
1451 1669
1451 1815
1451 1765
1451 1534
1451 1708
1451 1959
1451 1451
1451 1595
1451 1689
1451 1787
1452 1452
1452 1659
1452 1816
1453 1676
1453 1733
1454 1547
1454 1454
1454 1517
1454 1769
1454 1869
1454 1480
1454 1502
1454 1710
1455 1821
1455 1846
1455 1739
1456 1626
1456 1580
1458 1459
1458 1999
1458 1641
1458 1940
1459 1908
1459 1641
1459 1909
1459 1862
1459 1810
1459 1558
1459 1999
1459 1747
1459 1619
1460 1847
1460 1789
1461 1748
1461 1784
1462 1798
1462 1632
1463 1931
1463 1572
1463 1709
1463 1535
1463 1912
1464 1849
1464 1491
1464 1977
1465 1941
1466 1563
1466 1844
1466 1724
1466 1877
1466 1640
1467 1927
1469 1971
1469 1969
1469 1469
1469 1834
1469 1487
1470 1791
1470 1834
1470 1487
1470 1969
1470 1524
1471 1607
1472 1627
1472 1630
1473 1793
1473 1675
1473 1690
1473 1854
1473 1823
1474 1906
1474 1875
1474 1905
1474 1474
1474 1870
1474 1809
1474 1742
1474 1676
1474 1751
1475 1797
1475 1826
1475 1886
1475 1871
1476 1702
1476 1846
1477 1857
1477 1548
1478 1890
1479 1677
1479 1935
1479 1759
1480 1730
1480 1517
1481 1922
1481 1934
1481 1493
1482 1816
1483 1631
1484 1510
1485 1863
1485 1930
1485 1853
1486 1914
1487 1834
1488 1555
1488 1934
1488 1985
1488 1855
1488 1493
1489 1542
1489 1552
1489 1489
1489 1548
1489 1907
1489 1904
1489 1668
1490 1734
1490 1804
1490 1824
1491 1583
1491 1849
1491 1977
1491 1921
1491 1757
1491 1621
1492 1721
1492 1911
1494 1989
1494 1788
1495 1581
1495 1988
1495 1500
1495 1688
1495 1929
1496 1705
1496 1585
1496 1511
1497 1912
1497 1687
1497 1738
1497 1645
1498 1739
1499 1506
1499 1674
1499 1723
1499 1517
1500 1859
1501 1673
1501 1894
1501 1901
1502 1991
1502 1769
1502 1517
1503 1559
1503 1821
1503 1739
1505 1729
1505 1939
1505 1769
1506 1674
1506 1736
1506 1522
1507 1673
1507 1905
1508 1558
1509 1729
1510 1950
1510 1655
1510 1512
1510 1651
1511 1949
1512 1648
1514 1808
1514 1678
1514 1665
1514 1773
1514 1525
1514 1546
1515 1674
1515 1792
1517 1769
1517 1869
1517 1517
1517 1710
1517 1884
1517 1852
1517 1824
1518 1915
1518 1973
1518 1521
1519 1817
1519 1913
1519 1835
1520 1754
1521 1705
1521 1895
1521 1921
1522 1674
1522 1736
1522 1798
1523 1551
1523 1609
1523 1724
1524 1819
1524 1746
1525 1546
1525 1773
1527 1681
1527 1942
1527 1652
1527 1687
1527 1753
1530 1796
1530 1677
1530 1539
1530 1925
1530 1682
1531 1722
1531 1598
1532 1708
1532 1534
1533 1839
1533 1900
1534 1815
1534 1972
1534 1803
1535 1572
1535 1573
1535 1709
1535 1912
1535 1786
1536 1937
1536 1898
1536 1587
1536 1660
1537 1585
1537 1537
1537 1779
1538 1574
1538 1812
1538 1818
1539 1796
1539 1957
1539 1925
1539 1935
1539 1654
1539 1809
1539 1648
1539 1932
1539 1568
1539 1539
1539 1897
1539 1708
1540 1540
1540 1928
1540 1630
1540 1967
1540 1791
1541 1842
1541 1771
1541 1887
1542 1542
1542 1564
1542 1628
1542 1611
1544 1657
1544 1707
1544 1667
1544 1700
1545 1805
1545 1691
1545 1545
1545 1625
1545 1555
1545 1664
1545 1838
1547 1869
1548 1998
1548 1804
1549 1949
1549 1577
1550 1792
1550 1555
1550 1600
1551 1767
1551 1551
1551 1605
1551 1891
1551 1563
1551 1724
1551 1609
1552 1603
1554 1643
1555 1691
1555 1555
1555 1947
1555 1805
1555 1786
1555 1838
1556 1556
1556 1592
1557 1666
1558 1901
1558 1894
1559 1677
1559 1918
1559 1679
1559 1821
1559 1846
1559 1739
1560 1614
1561 1944
1561 1974
1562 1822
1563 1891
1563 1947
1565 1955
1565 1858
1565 1696
1566 1912
1566 1983
1566 1717
1566 1864
1566 1626
1567 1950
1567 1959
1567 1817
1567 1900
1568 1677
1568 1809
1568 1994
1569 1655
1570 1794
1571 1886
1571 1860
1571 1858
1571 1571
1571 1876
1572 1931
1572 1982
1572 1912
1573 1709
1573 1911
1573 1912
1574 1802
1574 1812
1574 1595
1574 1758
1575 1911
1576 1670
1576 1682
1576 1795
1576 1981
1577 1962
1578 1815
1578 1760
1578 1838
1579 1926
1579 1816
1579 1953
1580 1581
1580 1859
1580 1603
1580 1740
1581 1859
1582 1617
1582 1971
1583 1596
1583 1977
1583 1867
1584 1688
1584 1603
1584 1756
1585 1705
1585 1720
1586 1711
1586 1845
1587 1965
1587 1596
1589 1589
1590 1952
1590 1865
1590 1636
1590 1768
1590 1629
1590 1990
1591 1821
1591 1739
1591 1998
1592 1683
1592 1701
1592 1592
1594 1817
1594 1893
1594 1845
1594 1749
1595 1802
1595 1600
1595 1755
1595 1678
1597 1597
1597 1983
1598 1790
1598 1867
1599 1639
1599 1843
1600 1802
1600 1948
1600 1755
1600 1900
1601 1815
1601 1636
1602 1865
1602 1990
1603 1720
1603 1830
1603 1859
1603 1988
1603 1688
1603 1914
1603 1942
1603 1672
1603 1883
1603 1861
1604 1994
1604 1929
1604 1754
1604 1875
1605 1920
1606 1606
1607 1607
1607 1989
1608 1828
1608 1738
1609 1877
1609 1640
1609 1951
1609 1677
1610 1923
1611 1945
1611 1739
1612 1921
1613 1761
1613 1630
1614 1936
1615 1750
1615 1697
1615 1943
1615 1615
1616 1922
1617 1971
1617 1823
1618 1995
1618 1618
1618 1861
1618 1651
1618 1768
1619 1937
1621 1621
1622 1690
1623 1953
1623 1958
1624 1644
1624 1979
1624 1857
1624 1662
1624 1896
1624 1730
1624 1941
1626 1971
1627 1899
1628 1657
1628 1632
1629 1990
1629 1727
1629 1629
1629 1765
1630 1960
1631 1940
1631 1679
1631 1895
1633 1967
1633 1814
1633 1928
1633 1647
1633 1717
1634 1738
1634 1783
1635 1635
1635 1849
1635 1901
1637 1980
1637 1868
1638 1727
1641 1747
1641 1908
1641 1852
1642 1658
1643 1643
1643 1669
1644 1690
1645 1738
1645 1697
1645 1980
1647 1971
1647 1968
1648 1925
1648 1935
1651 1687
1651 1764
1652 1681
1652 1672
1652 1953
1654 1677
1654 1796
1654 1994
1655 1950
1655 1899
1655 1752
1656 1971
1656 1872
1657 1657
1657 1725
1658 1690
1658 1694
1659 1894
1659 1816
1659 1953
1660 1898
1662 1979
1662 1919
1662 1739
1664 1664
1664 1799
1664 1817
1667 1960
1668 1770
1668 1969
1669 1959
1669 1904
1669 1815
1669 1819
1670 1687
1670 1682
1670 1899
1671 1848
1672 1850
1672 1883
1672 1886
1672 1831
1672 1678
1672 1948
1673 1906
1673 1905
1674 1841
1674 1743
1676 1794
1676 1733
1677 1957
1677 1677
1677 1932
1677 1745
1677 1935
1677 1925
1677 1809
1677 1994
1677 1796
1677 1710
1677 1768
1677 1849
1678 1755
1680 1680
1681 1941
1681 1942
1681 1706
1682 1820
1682 1687
1682 1806
1683 1701
1683 1785
1683 1683
1683 1844
1683 1810
1684 1684
1685 1842
1686 1738
1686 1824
1686 1782
1687 1811
1688 1839
1689 1911
1690 1733
1690 1854
1690 1781
1691 1805
1691 1908
1692 1779
1693 1693
1693 1911
1694 1859
1694 1845
1695 1695
1695 1831
1696 1844
1696 1929
1697 1943
1697 1783
1697 1850
1697 1738
1698 1974
1699 1819
1700 1811
1700 1700
1701 1958
1702 1712
1702 1739
1703 1777
1704 1804
1705 1763
1705 1837
1705 1720
1705 1762
1705 1714
1705 1929
1705 1712
1707 1734
1708 1815
1708 1975
1709 1912
1709 1931
1710 1769
1711 1893
1711 1917
1712 1866
1712 1762
1712 1720
1712 1714
1712 1837
1712 1906
1712 1949
1712 1717
1713 1721
1715 1815
1715 1715
1716 1889
1717 1917
1719 1730
1719 1896
1719 1978
1720 1866
1720 1902
1720 1763
1722 1781
1722 1890
1722 1892
1722 1867
1723 1792
1724 1844
1724 1951
1726 1840
1726 1727
1726 1990
1727 1986
1727 1990
1728 1740
1730 1857
1730 1896
1731 1933
1731 1978
1731 1849
1732 1940
1734 1734
1736 1841
1736 1792
1737 1927
1737 1871
1738 1783
1738 1987
1738 1828
1738 1943
1738 1738
1739 1945
1739 1898
1740 1751
1741 1789
