#/home/georgia/Documents/Local_exp/LFR.py
# GMT Fri Mar 29 10:28:55 2019
# 
0 727 335 613 877 238 959 392 445 710 458
1 539 940 833 1 622 453 396 575 332 29 151 20 667 171 448
2 455 683 794 426 572 648 136 942 861 315 865 323
3 891 321 635 691 290 678 463 167 305 655
4 92 726 55 818 864 23 785 148 155 358
5 960 265 336 810 244 979 108 339 328 871 362 82 870 603 30 171 738 630 936 846 323 713 972
6 165 714 6 486 59 679 879 525 944 994 725 980 88 137 612 69
7 67 16 923 389 52 795 97 647 472 595 660 404 417 193
8 190 259 315 324 688 605 8 552 765 834 568 314 866 357
9 352 370 751 528 317 778 673 176 691 391
10 260 156 531 812 39 428 41 536 761 343 946 85 656
11 379 896 924 307 984 113 330 493 739
12 313 12 439 551 414 109 269 982
13 143 136 192 130 762 810
14 538 680 608 14 155 85 731 358 636
15 828 360 416 133 336 475 873 320 58 194 646 579 859 506 226 511 571 442 545 387 328 702 298 762 502 659 35 681
16 373 764 417 67 52 16 816 207 580 795 404 97 538 283 489 389 518 44 525 415 492 614 533 660 544 400
17 44 47 89 820 17 704 534 162 213 437 603
18 774 573 33 363 591 386 472 612 216 779 865 496 443 59 229 285 620 834 663 792 987 500
19 717 391 514 29 66 659 149 53 199
20 73 201 80 633 672 331 188 193 681 168 99 211 388 669 888 622 68 436
21 930 254 251 539 635 662 409 618
22 481 22 801 709 960 327 507 928 248 606 834 993 427 813 294 803 919 373 508 740 781 565 77 809 687 619 311 933 429 953 668 218
23 772 261 937 44 282 782 419 225 418 809
24 423 93 131 391 869 808
25 281 30 835 630 694 574 832 236 47
26 149 133 78 837 752 163 925
27 221 323 523 845 548 408 328 972
28 327 50 774 136 737 896 689 952 861
29 231 876 798 871 514 391 95
30 119 470 980 334 98 342 784 416 912 263 772 438 802 181 198 459 462 448
31 591 655 155 726 46 50 968 818 358 232
32 308 234 797 694 915 353 986 166 809 826
33 792 244 385 663 486 233 999 356
34 911 282 834 248 521 970 993 222
35 990 450 674 643 319 620 458 69
36 288 921 671 84 949 497 175 599 289 106 730 867
37 58 512 900 268 542 814 235
38 970 866 723 38 674 83 857 428 752 437
39 531 989 156 786 812 798 426 258 139 576 504
40 993 237 592 492 371 301 434 857 704 351 908 881
41 384 257 668 792 355 105 372 223 950 826
42 571 258 860 998 707 686 831 711 359 245 323 72 411 66 629 45 698 624 79
43 419 298 806 908 56 936 520 869 176 590
44 291 289 419 284 217 772 498 987 708 827
45 139 775 776 359 737 948 765 823 90
46 86 706 621 357 967
47 685 939 236 303 184 723 213 47 204 584 437
48 536 157 763 526 637 79 441 135 175 388 513 504
49 300 837 537 645 160 112 733 153 244
50 908 141 805 329 566 412
51 468 768 771 268 654 766 299
52 781 660 404 417 816 67 97
53 792 323 514 808 391 721 901 199
54 784 785 802 685 98 855 129 198 868 402 557
55 308 903 237 176 249 866 655 299 864 983 976 649 526 358 636 215 895
56 694 986 650 805 176 180 566
57 224 57 539 454 773 172 735 744 450 309
58 755 133 835 475 972
59 730 679 897 517 150 410
60 262 907 533 661 288 545 787 306 352 330 818
61 525 298 896 421 330 419 646 631 450 790
62 689 900 654 62 891
63 764 643 870 328 758 841
64 774 550 426 689 753 849 365
65 592 88 102 730 480 196 111 526
66 861 677 607 391 524 199 95 881
67 692 795 290 538 417 489 660 207 404 716 773 165 127 714 551 357
68 308 186 141 298 176 566 437 387 632
69 797 161 585 947 770 523 885 974 870
70 302 407 326 912 607 123 198 470 868 794
71 273 390 292 308 569 259 86 856 729 230
72 988 420 301 189 619 322 411 568 937 520
73 597 642 517 671 450 713 846 367 249
74 482 802 627 111 886 756 119 739
75 384 133 898 330 609 493 227 882
76 675 665 337 166 522 766 876 140
77 264 499 362 496 845 728 626
78 133 574 478 822 221 483 511 232
79 976 855 656 560 610 632 504 152 763 803 303 899
80 460 925 576 904 750 93 356
81 492 351 420 145 707
82 128 447 123 841 297 163 728
83 344 520 197 437 113 999 89 303 820
84 671 555 450 846 719 863 616
85 324 347 629 864 115 232
86 699 944 87 769 518 485 634 657 127 314 403 123
87 815 308 729 699 498 414 254 846 240
88 326 525 186 225 897 102 572 879 302 164 313 930 895 576
89 723 213 437 125 847 236
90 650 401 279 826 461 269 354 809 435 647 998 189 375
91 525 330 450 96 985 314 829 616 444 866 240 107
92 352 680 380 92 448 474
93 917 193 215 540 356 168 925 211 817 400 331 724 129 712 631 649
94 385 792 882 363 129 496 566 749 203
95 867 391 881 307 150 117
96 976 710 941 315 578 966 357 240
97 660 692 97 795 417 501 976 916 511
98 783 407 798 802 748 560 120 190
99 692 817 819 201 436 779 299
100 699 449 785 939 983 105 109
101 761 252 910 986 220 990 734 360 785 703 642 690 787
102 993 292 423 171 196 714 225 945 140 779 242 215
103 308 421 464 103 631 169 284 940 493
104 660 716 389 207 580 429 968 797
105 916 598 476 744 432 181 226 690 824
106 398 209 757 848 718 506
107 580 528 344 946 792 341
108 116 719 713 972 362
109 222 183 189 118 939 600 182 390 371 894 947 826
110 582 805 934 809 954 761 854
111 432 358 647 187
112 384 786 302 617 876 503 460 561 123
113 901 653 915 150 557 187 885
114 545 899 927 986 869 241 944 864 381 357
115 645 160 115 939 903 578 187
116 646 154 825 477 579 478 297 806 203
117 640 514 773 631
118 906 911 545 634 344 655
119 134 906 295 173 957 836 601 296 411 158 484 782 300 564 552 534 914 826 333 212 391 530 994 475
120 803 798 326 334 675 685 346 746 684 802 181 997 750 708 759 593 664 198 609 858 921 160 244 448 788 704 535
121 329 825 475 226 483 765
122 265 352 482 761 748
123 403 626 319 123 603 713 127 300
124 641 582 843 149 126 577
125 568 966 277 323
126 694 391 524 703 730
127 649 654 891 998
128 667 841 542 177 869 845
129 591 563 779 400 495 385 443 479 999
130 380 192 152 414 484 546 560
131 673 244 773 909 953 736
132 697 582 512 951 466 900 280 814 888 514 808
133 574 154 336 478 581 646 822 736 226 567 992
134 601 906 914 821 880 295 300 308 604 696 188
135 271 152 880 890 720 953
136 292 226 952 777 424 774 405 648 946 550 683 402 918 218 762 703 644 426 365 136 354 314 476 741 857 867 186 665 706 861
137 907 442 621 877 195 303 788
138 899 706 671 698 576 868 895
139 567 258 287 645 698 860 629
140 140 522 413 659 698 312
141 181 650 806 566 391 255 805 298 176 473
142 384 302 142 597 808 724 668 444 854 991 355 792
143 260 156 536 812 531 606 876 822
144 164 492 301 322 144 302 918 846 866
145 420 939 704 492 730 894 654 358
146 658 463 934 691 532 723 344 305 791
147 267 613 372 858 506 195 958 773
148 566 645 177 358 921 766 636 211
149 993 751 231 623 456 843 582 681 409 697 802 704
150 836 611 502 749 777 165 950 705 583 732
151 581 433 622 516 410 824 375 633
152 957 414 656 943 511 560
153 522 570 659 153
154 154 736 920 237 825 571 318 477 221
155 468 486 823 639 819 377 402 984 636
156 156 415 265 950
157 265 375 895 302
158 782 914 300 411 600 237 296 173 948 178 979
159 783 928 270 530 529 429 769 831 803 465 467 993 481 699
160 837 271 970 227 808
161 717 340 901 289 513 284 716 200 419
162 198 349 941 740 886 841 568 962 357 277 824
163 837 920 271 722 308
164 619 492 862 348 955 189 560
165 263 907 533 545 493 828 761
166 993 413 337 570
167 202 718 314 463 353 635 276 291 245 965 305
168 400 211 811 964 436 356
169 729 837 286 671 373 555 561 450 616
170 704 313 375 461 232 720
171 225 879 171 943 714
172 208 624 966 403 577 197 866 357 240 361 391
173 295 552 411 601 296 914 957 564 185 330 245 348 426 926
174 962 647 388 174 705
175 889 297 992 831 945 450 374 249
176 806 650 805 180 329 176 853 590 936 298 886 501 517 216 272 330 367
177 250 259 495 985 314 866 309
178 547 293 219 292 308 596 254 409
179 283 454 409 539 224 884 693 868 655
180 411 559 650 298 566 182 199 504 835
181 398 802 423 416 338 784 692
182 935 436 408 576 205
183 417 862 956 851 302
184 941 723 303 820 627
185 259 678 495 446 384 315 962 866 357 232
186 894 943 186 522
187 522 871 653 377 743 480 220 896
188 948 901 925 724 576 437 201 331 215
189 956 210 331 851 479 845
190 308 613 941 190 866 357
191 899 744 220 191 951 981 598 734 381 936 733 861 633
192 931 465 364 220 613 479 527 560 504
193 682 436 211 361 576 193 203 266 662 974 522 724
194 442 318 462 538 221 226 625
195 485 861 392 621 883 600 974 195 858 628 319 694 878 402 286
196 983 943 486 897 670 206 472 996
197 308 346 678 568 314 578 995 605 369 627 755 827 866
198 778 802 708 452 798 470 667 785 675 593 246 684 430 423 306 342 842 401 277 396 576 780 485 334 868
199 514 309 752 516 624 666 881
200 401 826 435 712 824 516 239 348 809 302 432 658 864 354 375
201 916 540 215 811 935 576 875 720 436 329 761 472 722 277 205 211
202 899 916 927 694
203 436 720 672
204 275 841 339 494
205 624 925 211 720 510 361 345 461 299
206 281 803 529 988 278 898
207 389 692 781 795 266 554 456 916 863 353
208 456 651 745 722 910
209 716 815 699 717 826 483
210 484 327 428 955 894 616 743 826
211 935 639 487
212 381 402 565 952 861
213 674 236 727 303 388 763
214 249 440 749 647 827 678 904 491
215 448 331 681 682 925 215 576 540 654 678 500
216 543 386 400
217 901 937 559 513 264 284 419 464 686 568
218 906 665 426 391 861 432
219 769 292 815 565 546 691
220 903 797 905 381 802 570 305 435
221 442 646 571 975 718 825 747 477 483 478 873 832 835 859 226 804 821 654 765 339 290 600
222 813 955 301 852 226 461
223 347 223 358 224
224 454 662 539 908 758 685 279
225 829 730 349
226 478 701 625 822 859 661 891 674
227 288 258 998 775 555
228 930 815 308 449 848 596 852 634
229 665 445 671 677 690 433 719 972
230 930 292 852 840 717 850 325 425 308 547 804 699 485 878 861 494 612 242 282 880 555
231 761 722 340 426 395 391
232 655 731 738 358 726 748 604 629 636 347 864 232 818 299 725 256 944 941 420 465 902 555
233 425 409 693 251 618 454 666 679 374 514
234 991 668 257 302 425 410
235 456 706 438 570 770 275 473 944 627
236 241 736 674 676 646
237 301 851 366 768 792
238 775 707 839 505 624
239 988 805 413 401 696 754
240 962 578 969 357 985 369 315 607 678 349 740 961 894 926 781 932 318 986
241 449 986 734 368 905 973 954 677
242 296 820 387 826 872 752 578
243 427 993 373 933 919 466 503 701
244 385 792 947 350 479 412 779 546 892
245 296 706 938 707 624 791
246 685 306 334 600 602 445 328
247 308 286 731 604 265
248 783 933 638
249 677 555 690 702 846 671 719 285 616 844 395 992 553 450 338 927 568 298 903
250 465 734 503 471 282 379 690
251 662 454 251 478 862 908 849
252 265 533 545 761 370 830 755 581 262 541 482 833 887 898 448 814 622
253 325 777 706 565 839
254 769 398 292 308 390 930 611 711 458 605 328
255 774 777 780 835 394 439 753
256 419 846 900 358 595 655 387
257 384 668 991 328 302 450 819
258 289 287 408 711 737 959 860 585 258 624 686 775 698 776 571 343 498 710 945 319 277
259 578 369 709 821 941 314 357
260 989 531 782 536 793 812 533 596 490 505
261 948 901 419 569 866 937 700 537 500
262 830 376 288 883 907 273 926 482 370 761
263 282 569 482 830 273 581 288 352 755 473 840 708 439 907 533 761 598 430 736 323
264 398 693 941 831 981 323 391
265 519 545 661 761 288 352 907 755 855 581 828 830 541 482 265 874 618 800
266 550 776 831 842 686
267 660 278 567 613 978 445 694 301 871 451 621 771 860
268 692 891 930 639 647 885
269 670 535 826 369
270 993 364 327 970 743 783 695 375
271 944 645 837 271
272 813 962 439 763 391 622 808 309
273 545 907 926 569 369 983 541 761 867 770
274 876 335 867 337 659 902 570 890 918 278 413 866
275 661 841 871 386 432
276 383 934 691 276
277 321 972
278 778 658 528 366 278 464 673
279 387 788 826 670 313 494 375 501 348 535 354 676 413 904 453 694 435 754 724
280 433 900 768 990 888
281 469 508 803 427 993 352 577
282 988 530 507 928 294 931 801 723 559 387 993 384 488
283 389 781 660 290 816 935 923
284 513 901 772 563 983 999 636
285 993 692 844 553 446 945 958 450
286 642 432 949 945 690 821 958 974 777 677 555 553 450 719
287 397 450 617 963 624
288 907 533 352 569 923 545 769 289 702 891 578 480
289 559 419 700
290 389 580 290 716 470
291 529 507 813 373 818 465 466 993
292 547 852 425 311 838 310 293 705 929 676 308 848 634 458 775 319
293 455 757 960 308 449 634
294 783 911 530 543 928 427 976 660
295 906 836 484 914 782 296 564 308 589 383 880 885 957
296 906 552 534 296 300 411 782 670 540 564 601
297 579 706 395 671 432 846
298 545 650 908 853 298 590 652 622 700 566 747 511 799
299 828 726 738 635 984
300 782 678 836
301 955 570 673 956 894
302 384 854 628
303 980 303 655 869
304 407 402 941 688 598 747 315 962 866
305 429 463 532 934 321 417 592 691 887
306 416 685 468 682 519
307 545 483 924 898 586 621 810 317 631 412 818
308 449 595 310 804 397 930 729 769 840 944 343 455 431 757 485 815 425 390 596 476 706 661 634
309 524 752
310 930 547 757 596 748 759 355 717 848 458 357
311 769 425 944 695
312 428 505 956 312 704 894 436
313 338 826 580 598 402
314 805 814 568 740 688 962 866 985 971 717 875 357 527
315 605 395 866 357
316 392 600 877 335 372 567 883 685 421 833 710 488
317 547 898 464 586 434 334 796 330 350
318 975 873 629 832 320 374 332 516 487
319 767 444 473 870 535 982
320 646 718 506 442 922 462 704 840 838 483 845 557
321 321 635 765 691
322 322 420 890 344 490 894 450 474
323 523 845 728 557 705
324 519 482 417 786 688 357
325 695 878 856 932 826 717 405
326 798 430 615 667 621 868
327 427 928 588 976 988 694 713 387
328 707 941 979 362 441 659 713 972 728 895
329 805 566
330 896 586 493 464 924 421 898 330 458
331 612 414 633 632
332 689 380 575 453 680 424 622 758
333 368 334 649 654 771 546 393 891 510 868 623 564 766 860 362
334 970 593 383 506 338 405
335 993 571 567 600 419 421 488 621 418
336 571 701 462 530 847 483
337 659 413 523 881
338 960 533 802 912 672 868 952 602 688
339 489 419 457 972 620 626 647
340 965 971 340 623 456 345 630 578
341 543 933 427 529 784 879 993 728
342 407 798 802 868 746
343 390 431 815 946 634 685 590
344 554 851 862 859
345 838 384 965 582 456
346 785 430 746 741 615 375 422 671
347 864 639 697 470 636 516
348 447 696 712
349 863 359 962 866 999
350 784 385 947 479 739 663 792 563 779 369 454 879
351 983 704 523
352 545 352 569 581 926 541 761 376 661 404 566 641 702 590
353 539 899 532 836
354 952 583 807 375
355 384 991 814 679 646 964
356 692 664 400 724 576 811 720 595 497 620 396
357 688 866 678 962 742 966 495 985 605 486 439 990 771 824 909
358 639 629 655 608 984 725 748 636 358 604 464 531 428 988 381 557
359 766 686 998 938 585 929 738 624
360 399 694 381
361 935 724 363
362 591 750
363 913 386 792 619 681 560
364 783 465 373 960 548 487 897 746 563
365 381 405 806
366 778 528 673 929 848
367 677 702 450 787
368 903 905 916 505
369 761 795 866 647 610
370 907 533 545 828 684 761 806 866
371 420 851 726 713
372 445 451 621 769 568 637
373 727
374 685 426 706 671 555 949 642 886 791 957 900 563
375 944 711 824 754 670 676 713 515 985
376 427 926 545 828 761 745 583 510
377 841 611 731 949 387
378 912 713 728 523 841 612 435
379 744 876 981
380 450 453 872
381 899 916 744 876 694 503 869 990 927 981 638 442 811 449 666 452
382 828 847 648 665 550 952 573 706 861
383 856 423 480
384 786 597 444 617 384 730 638 854 991 802 866 510
385 427 847 546 779 612 663 445 814 426 725 496 820 560
386 431 472 461 515 412 612 500
387 982 401 712 670 487 461 715 800 397 826
388 641 916 554 502 647 583
389 538 767 983
390 840 449 605
391 924 942 514 787 964 391 753 524 909 752 668 856 801 984 760
392 613 591 913 567 445 973 621 841
393 900 654 393 468 546 766
394 455 771 900 418 814 891
395 874 555 599 844 949 835 521 450 846 742 754
396 483 920 772 680 977
397 944 840 729 397 398 930 815 699 449 456 959
398 933 449 838 614 820 695 634
399 709 905 910 784
400 925 540 523 566 672 895
401 798 516 676 800 751 949 807 735 439 696 826 504
402 660 657 550 918 549 777 402 689 762 685 557 896 706 861
403 634 643
404 755 660 764 716 867 822 687 963
405 986 774 665 703 952 577 917 794 669 558 437
406 416 664 667 468 639 409 407 609
407 660 893 409 620 551
408 955 775 776 752 938
409 454 693 618 435 688 504
410 516 791 487 809
411 411 914 534 948 836
412 899 506 515 792 663 412 967 572 892
413 907 996 413 581 825 972
414 560 895
415 601 923 900 814 891
416 784 664 628 593 468 644 521 774 814
417 781 692 558
418 732 886 827 842 885 504
419 901 700 559 937 513 772 780 428
420 420 862 505 528 800 937 592 983 620
421 896 631 742
422 644 665 424 780 426 952 706 602 861 866
423 430 997 615 868 424
424 993 918 669 424 709 426 573
425 993 804 944 634 706 875
426 550 794 683 952 942 558 684 596 880
427 529 709 988 606 588 548 508 933 976 970 801 509 465 960 530 974 810 549 610 477 780 913 813 953 741
428 929 777 956 490 894 574 950
429 928 988
430 912 802 562 868 736
431 717 944 848 431 716 714
432 642 677 863 992
433 555 844 949 821 450 846
434 734 528 774 706 961
435 715 954 909
436 607 849 720 510 436 721 978 905 576
437 933 723 820 674 437 797 700 882
438 458 613 451 710 973
439 824
440 688 647 557 611 966 705
441 478 527 560
442
443 991 792 943 882
444 668 617 492 705
445 727 600 883 524 613 621 654 885 516
446 953 778 658 528 489 669 863
447 778 646 523 792 620 611
448 929 680 448 453
449 699 769 850 449 815 547 952 683 956 729
450 677 555 587 599 863 553 844 857 874 719 642 921 450 702 821 497 690 671 679 733 981 530 846 616 570
451 588 700 974 459 692 621
452 793 981 667 685 470 550
453 790 940 833 899 808 758
454 618 820 796
455 933 595 878 982
456 697 582 641 843 735 745 651 853 659 946
457 673 558 689 946
458 848 974 877 973 488 516 613 792 935
459 905 798 759 978 980
460 798 675 893 708 628 468 551
461 982
462 477 847 825 674 962
463 691 749 660 532
464 898 899
465 588 530 508 466 481 465 911 872 838 766 467 993 856 512
466 783 829 960 588 972 968 565 533
467 911 953 548 529 902 935 900 473
468 798
469 783 931 976 529 606 958 541 597
470 965 669 628
471 692 899 910 916 694 598 973 870
472 952 686 663 792
473 801 528 654 967 603 626 844 704 871
474 894 555 690 846 863 527
475 574 980 900
476 916 797 910 734 779 789 552
477 513 760 532
478 483 863 621
479 488 555 563 500 892 987 496 479 589 981 492 999
480 703 557 950 583 647 720 711
481 993 709 911 519 797
482 519 545 907 518 761
483 579 736 832 577 530 788
484 906 836 844 634
485 944 547 634 930 639 544 863 792 633
486 619 572 714 888 846
487 722 696 673 682
488 596 913 567 931 621 866
489 660 544 692 780
490 955 862 894
491 802 974 557 627 817
492 939 894 518
493 521 510 799
494 922 780 555 696
495 564 937 688 578 866
496 574 496 940
497 734 846 998 808
498 775 774 733
499 972 870 523 756 716
500 790 779 563 921
501 953 516 826 982
502 677 719 647 557
503 986 903
504 527 560 904 610
505 592
506 736 911
507 919 993 950
508 919 970 993
509 993 509 991 758
510 802 870 826 682 724 739
511 889 735 630 511 576 776
512 879 654 768 649 914 900 713
513 513 772 598 901 559 621
514 787 909 753 808 900 734
515 515 989 792 987
516 872 535 791 660 824
517 949 644 671 555 690 719 992 578
518 838 897 572 730
519 661 953 907
520 810 762 565 644 520 942 894 963 952 706
521 660 521
522 802 522 996 962
523 927 592 550 643 967 972
524 752 774
525 746 897 730 879 706
526 770 637 880 556 560 895
527 727 663 880 560
528 528 778 929 721 673
529 960 709 865 919 897
530 931 988 768 803 933 829 649 728 954
531 536 531 880 793 939 894 550
532 934 691
533 907 828 545 755 761 904
534 906 564 948 534 895 658 824
535 715
536 547 850 698
537 988 593 645 837 725
538 660 538 675 692
539 781 618 884 831 724
540 907 940 682
541 569 794 545 755
542 759 644 777 643 845
543 933 548 803 573 801 970 976 988
544 660 923 939 764 802
545 907 855 926 828 545 761 830 581 661 605 964 905 769 811 755 747
546 900 654 951 814 766
547 699 852
548 933 813 548 988
549 917 648 921 861
550 774 794 648 706
551 977 800
552 906 914 601 674 719
553 671 555 873 690
554 923 619 839
555 671 945 857 863 867 921 677 874 587 561 821 992 719 844 690 616 601 814 559 596 928 956 715 817 839 846
556 976 869 656 610 904 595 601 570 632
557 636 652 653 842 756 885 650
558 665 946 887
559 901 908
560 690 603 656 632 895 967 864 981
561 602 671 846 985
562 802 615 997 606 868
563 793 745 865
564
565 917 722 818 706 915
566 805 936 853 650 566 908 590 867 978 840 604 636 771
567 600 978 883 889
568 866
569 907 828 761
570 902 615
571 835 625
572 851 943 811 665
573 589 706 861
574 847 579 975 775
575 680 622 575 977 636
576 854 682 855 720 724 633
577 729 822 859 873 579
578 894 941 962 688 742 961 859 975 966 866
579 976 646 630 721 846 859 760
580 781 660 795 692 985 629
581 907 755 761 730 645
582 843 965 722 745 802
583 699 861 950 886 799 767
584 802 959 585 711 778 658 720
585 737 776 972
586 924 870 608 706 620
587 642 671 677 719 616
588 801 963
589 952 780 976 964 861 945
590 805
591 779 792
592 906 651 725
593 798 802 685 749
594 901 945 680 977 971
595 932 657
596
597 668 796 597 738
598 694 793
599 805 945 846 616 962
600 652
601 906 805 987 613
602 703 706 653
603 770 643
604 748 789 943 636 808
605 761 645 866
606 783 607
607 675 921 624 962 961 866 728 870
608 774 866 865 984
609 761 784 798 740
610 758
611 907 647 950 703
612
613 648 710 974 836 662
614 804 699 850 856 729 634
615 912 802 708
616 677 690 821 719 616 844 776 938 618 737
617 668 991 924
618 884 799 899 789
619 671 900
620 861 770 713 972 774
621 913 974 858 978 710 727 883 657 722 791 767
622
623 735 745 818
624 963 767 775 998 737 839 860 959 646 683 880
625 736 956 821 760 742
626 713 972 646 909 627
627 664 972
628 802 820 967 643
629 639 815 636
630 781 701 832
631 708 702
632 672 656 763
633 724 819 925
634 815 856 848 772 768 846
635 691 708
636 911 655 636 725 639 823 723 646 692 946
637 888 666 836
638 916 694 869 876
639 655
640 690 640 752 657
641 843 751 651
642 857 650
643 992 924
644 777 657 648 861
645 804 784 920 790 657
646 782 785 924 922 975
647 653 749 886 950 842 652 777 987 727
648 942 683 861 733 665 789 791 689
649 900
650 908 853 955 805
651 878 971 722 732
652 783 827 652 704
653 887 915 920 950
654 900 888 891 768 654 854 677
655 671 655 864 777 792 823
656 885 880 763 724 718
657 929 807 774 952 706 861
658 796 929 673 774
659 902 798 791
660 692 781 716 795 923 789 710
661 907 761 938 774 678
662 693 698 884
663 790 694 792 999 892
664 997 675 802 667
665 859 665 728 895 706 977
666 901 701 944
667 741 753 798 980
668 796 940 991 814 866 723
669 932 910 774 946 983 706
670 802 954 826
671 844 945 702 863 697 985 851 998
672 817
673 673 778 758
674 820
675 785 798 893 741 992 868 746 846
676 987 696 826
677 921 874 844 996 711 702 863
678 766 900 866
679 897 912
680 940 758
681 935 817
682 774 724
683 729 861
684 957 852 785 858
685 699 997 708 893 746 750 910 868 719
686 783 798 775 879
687 812 998 890 963
688 941 961 966 962
689 861 952 703 725 706
690 945 821 992
691 698 934 914 736
692 781 692 795 764 816 923 716 954 696
693 914
694 899 797 734 949
695 828 717 729
696 803 715 888 807
697 735 843 960
698 839 698
699 838 699 899 760
700 901
701 736 832 859 999
702 846 949 951 719 992 880
703 946 942
704 980 983 978 998
705 950 732 988 885 849
706 807 794 952 762 946 774 780 942 733 961 893 861
707 925
708 802 980
709 953 889 857
710 877 809 992
711 971
712 809 826 834
713 815 868 972 725
714 879 761 739 984
715 906 791 826
716 761 798
717 804 992
718 991 822
719 846 863 875
720 864
721 778 929 721 826
722 751 758
723 903
724 849 973 734
725
726 823
727 830
728 873 969 972 979 753
729 930 878 848 855
730 872 953
731 868 731
732 772
733 777
734 899 875
735 965
736 922 747
737 775 860
738 993 946
739 988 802 998 764 999
740 941 866
741 802 829
742 975
743 938 968
744 916 765 972
745 971 831 820
746 912 798 802 750 806
747 916 859
748 984
749
750 798 802 951
751 971
752 881
753 861
754 824 826
755
756 981 952
757 856 971
758
759 912 798 802 828
760 761
761 931 830 855 761 907 798 881 833 825
762 769 918 810 766
763
764
765
766 814
767 775 972
768 814 900 891
769
770 841 979 972
771 951 900 891
772 901 839 941 892
773 952 808
774 777 774 794 969 952
775 959 859 998
776 989 848
777 946 977
778 899 778 929 902 811 863 900
779
780 794
781
782 906 914
783 829 813 931 822 950 911 976
784 802 943 896 978
785 893 997 802
786 786
787 808
788 791 934
789 940
790 858 999
791 800 876 824
792 947 799 987 865
793 793 868
794 960
795 917 895
796 854 991
797 910 869
798 798 980 912 997 833 931 957 802 866
799 815 866 999
800 956
801 993
802 980 893 912 868
803 953 889 879
804 838 932 850
805 908 936 853 805 806 807 864
806 806
807 922 917 860
808 991 909
809 954 996
810
811
812
813
814
815 932
816 816
817 819
818 984
819 832
820
821
822
823 939
824 982 826
825 835
826 872 954 984 994
827 858
828 926 855 828 900
829 933 953 993
830
831
832 847 902
833 977
834 911 834 976 988 993
835 847
836 957 962
837 920 837
838
839
840 933 895
841 994 979 841
842 851 950 945
843 965 894
844
845 993 994 846
846 907 863 992 921 890 998 950
847 975
848
849 956 925
850 944
851 894 968
852 907 930 981
853 995
854
855 926 915
856 932
857
858
859
860
861 946 861 942 863 921 886
862 894
863 992 987
864
865
866 961 995 962
867 992 984
868 884
869 899
870
871
872 982 893
873 968
874 936 882 987
875
876 993 910 876
877
878
879 913
880
881 908
882 976
883
884 906
885 941 915 886 933
886 906 950
887 952 915 950
888 900 888
889 976 889
890 914 928
891 891 980
892
893 953
894 983
895
896
897 943
898
899 927 899 981 905 990
900 951 935
901 901 961 995
902 996 972
903 910 927 916
904 954 904
905 986
906 957 930
907 907 982
908 936
909
910 916
911 988 933
912
913
914 914 948
915
916 981 990 976 939
917
918
919 939 953 988 993
920 994
921
922 922
923
924
925
926
927 986 935
928 988
929 930 992
930 930 932
931 993 937
932
933 946
934 934
935
936 936
937 937
938 974
939
940
941 961 995 962
942
943
944
945
946
947 947 999
948 962
949 958 999
950
951
952 952
953 960 993
954
955 955
956 983
957
958 985
959
960 976 993
961 962
962 985 969
963 988 998
964
965 971 974
966
967 972
968
969 995
970 993
971
972
973
974
975
976 988 993
977
978
979
980
981 986
982
983
984
985
986 998 990
987
988 993
989 989
990
991 991
992
993
994
995
996
997
998
999
