128 770 643 5 264 523 275 403 277 27 542 35 319 447 63 323 69 967 328 841 713 204 972 77 845 82 979 339 728 473 603 994 870 871 362 235 108 620 626 499 627 378 123 125
768 512 771 132 900 649 393 394 268 333 654 766 280 415 546 37 814 51 951 888 891 62 127
896 898 521 330 11 586 75 464 924 421 103 493 307 631 317 61
160 163 837 645 271 49 115 920 537 26
400 20 540 925 672 935 168 681 682 811 817 819 436 182 188 576 193 201 203 331 205 80 849 720 211 724 215 93 99 356 361 875 633 510
321 353 3 934 167 463 305 146 691 276 532 635
673 929 9 778 366 528 721 658 278 446
769 390 397 398 930 547 932 292 804 293 425 431 944 815 178 308 310 695 311 699 449 325 838 71 840 455 717 848 209 850 595 596 852 86 343 856 729 87 219 228 485 614 230 106 878 757 634 254
897 65 196 6 518 714 525 88 730 225 102 679 486 171 943 879 186 59 572
674 38 236 303 47 17 83 723 213 820 437 184 89
192 130 637 135 904 138 13 526 527 656 79 152 666 157 414 610 504 556 560 48 880 498 632 441 890 763 765 895
642 517 395 921 285 286 671 36 677 297 169 555 553 175 432 945 690 561 433 821 949 958 702 450 73 587 844 846 719 84 599 857 474 863 992 867 229 616 874 367 497 374 249
67 580 389 7 716 781 207 16 660 404 538 283 923 795 544 417 290 97 104 489 816 52 692 764
513 289 161 772 901 261 419 700 937 44 559 23 217 284
640 514 131 66 773 964 391 199 524 909 272 787 19 24 29 95 808 752 881 753 309 53 117 126
2 644 774 648 777 520 136 780 657 402 405 918 917 665 794 28 669 549 422 550 424 807 426 683 810 942 558 689 434 946 565 952 573 703 64 706 457 589 212 602 218 733 861 365 762 253 382 255
384 257 142 786 597 854 668 796 991 355 41 617 234 302 112 444
836 134 906 782 914 534 601 411 158 484 295 552 296 300 173 564 948 119 957
256 4 14 655 148 789 155 31 299 46 818 823 55 725 726 85 984 731 604 347 223 864 608 738 358 232 107 748 629 247 636 639
581 262 519 263 265 907 273 533 661 855 541 926 288 545 352 482 165 60 370 755 252 761 376 569 122 828 830
133 646 15 25 154 922 822 825 58 442 571 701 574 318 832 577 320 579 835 194 718 462 336 847 78 975 859 475 477 478 221 736 226 483 873 747 625 116 630 760 121 506 511
144 145 164 420 40 554 939 428 301 183 312 955 956 189 704 322 72 592 81 210 851 983 344 862 351 222 100 490 619 492 109 237 371 118 505 894
996 902 166 522 76 140 337 274 659 153 570 413
388 647 652 653 915 150 418 557 174 950 440 187 827 705 583 968 842 74 214 732 480 611 743 491 749 111 113 756 885 502 887 886 377
387 516 12 269 401 788 535 791 151 279 410 670 800 676 551 809 170 435 439 696 824 954 826 313 712 200 715 461 982 90 348 354 487 872 494 110 239 754 242 501 375
641 965 582 456 651 971 843 208 722 340 149 345 735 231 745 623 751 697 124
899 903 905 910 399 916 797 927 32 694 191 202 981 598 471 986 220 476 990 734 869 101 360 744 105 876 368 241 114 503 250 379 381 638
448 1 833 453 680 396 940 332 92 622 977 594 758 380 575
259 8 162 678 172 941 688 177 304 568 185 314 315 190 961 962 578 324 197 966 969 985 91 349 605 607 96 866 995 740 357 742 495 240 369
258 707 963 775 776 711 266 139 839 585 584 767 408 959 860 287 737 227 998 359 42 938 45 686 687 238 624 245 698 831
0 451 195 710 392 137 458 267 973 974 335 913 978 147 727 600 858 613 488 621 877 883 372 438 567 316 445
270 783 911 529 530 22 919 281 282 543 928 801 159 931 803 933 548 294 291 34 427 813 429 953 829 960 834 709 327 970 588 206 976 465 466 467 469 341 988 606 993 481 364 243 373 248 889 507 508 509
260 39 10 812 143 531 536 793 156 989
224 454 233 618 251 179 884 21 662 693 409 539 57
912 784 785 406 407 664 667 30 798 416 802 675 423 684 685 430 306 562 181 54 708 452 326 70 198 459 460 334 593 338 468 980 470 342 346 609 98 868 997 741 615 746 750 628 246 759 120 893 383
129 385 386 515 779 18 790 663 792 412 799 33 563 947 443 591 216 472 987 350 94 479 865 739 612 999 363 496 882 244 500 892
68 329 650 908 141 590 853 805 806 936 298 43 176 50 180 566 56
