0 727
0 335
0 613
0 877
0 238
0 959
0 392
0 445
0 710
0 458
1 539
1 940
1 833
1 1
1 622
1 453
1 396
1 575
1 332
1 29
1 151
1 20
1 667
1 171
1 448
2 455
2 683
2 794
2 426
2 572
2 648
2 136
2 942
2 861
2 315
2 865
2 323
3 891
3 321
3 635
3 691
3 290
3 678
3 463
3 167
3 305
3 655
4 92
4 726
4 55
4 818
4 864
4 23
4 785
4 148
4 155
4 358
5 960
5 265
5 336
5 810
5 244
5 979
5 108
5 339
5 328
5 871
5 362
5 82
5 870
5 603
5 30
5 171
5 738
5 630
5 936
5 846
5 323
5 713
5 972
6 165
6 714
6 6
6 486
6 59
6 679
6 879
6 525
6 944
6 994
6 725
6 980
6 88
6 137
6 612
6 69
7 67
7 16
7 923
7 389
7 52
7 795
7 97
7 647
7 472
7 595
7 660
7 404
7 417
7 193
8 190
8 259
8 315
8 324
8 688
8 605
8 8
8 552
8 765
8 834
8 568
8 314
8 866
8 357
9 352
9 370
9 751
9 528
9 317
9 778
9 673
9 176
9 691
9 391
10 260
10 156
10 531
10 812
10 39
10 428
10 41
10 536
10 761
10 343
10 946
10 85
10 656
11 379
11 896
11 924
11 307
11 984
11 113
11 330
11 493
11 739
12 313
12 12
12 439
12 551
12 414
12 109
12 269
12 982
13 143
13 136
13 192
13 130
13 762
13 810
14 538
14 680
14 608
14 14
14 155
14 85
14 731
14 358
14 636
15 828
15 360
15 416
15 133
15 336
15 475
15 873
15 320
15 58
15 194
15 646
15 579
15 859
15 506
15 226
15 511
15 571
15 442
15 545
15 387
15 328
15 702
15 298
15 762
15 502
15 659
15 35
15 681
16 373
16 764
16 417
16 67
16 52
16 16
16 816
16 207
16 580
16 795
16 404
16 97
16 538
16 283
16 489
16 389
16 518
16 44
16 525
16 415
16 492
16 614
16 533
16 660
16 544
16 400
17 44
17 47
17 89
17 820
17 17
17 704
17 534
17 162
17 213
17 437
17 603
18 774
18 573
18 33
18 363
18 591
18 386
18 472
18 612
18 216
18 779
18 865
18 496
18 443
18 59
18 229
18 285
18 620
18 834
18 663
18 792
18 987
18 500
19 717
19 391
19 514
19 29
19 66
19 659
19 149
19 53
19 199
20 73
20 201
20 80
20 633
20 672
20 331
20 188
20 193
20 681
20 168
20 99
20 211
20 388
20 669
20 888
20 622
20 68
20 436
21 930
21 254
21 251
21 539
21 635
21 662
21 409
21 618
22 481
22 22
22 801
22 709
22 960
22 327
22 507
22 928
22 248
22 606
22 834
22 993
22 427
22 813
22 294
22 803
22 919
22 373
22 508
22 740
22 781
22 565
22 77
22 809
22 687
22 619
22 311
22 933
22 429
22 953
22 668
22 218
23 772
23 261
23 937
23 44
23 282
23 782
23 419
23 225
23 418
23 809
24 423
24 93
24 131
24 391
24 869
24 808
25 281
25 30
25 835
25 630
25 694
25 574
25 832
25 236
25 47
26 149
26 133
26 78
26 837
26 752
26 163
26 925
27 221
27 323
27 523
27 845
27 548
27 408
27 328
27 972
28 327
28 50
28 774
28 136
28 737
28 896
28 689
28 952
28 861
29 231
29 876
29 798
29 871
29 514
29 391
29 95
30 119
30 470
30 980
30 334
30 98
30 342
30 784
30 416
30 912
30 263
30 772
30 438
30 802
30 181
30 198
30 459
30 462
30 448
31 591
31 655
31 155
31 726
31 46
31 50
31 968
31 818
31 358
31 232
32 308
32 234
32 797
32 694
32 915
32 353
32 986
32 166
32 809
32 826
33 792
33 244
33 385
33 663
33 486
33 233
33 999
33 356
34 911
34 282
34 834
34 248
34 521
34 970
34 993
34 222
35 990
35 450
35 674
35 643
35 319
35 620
35 458
35 69
36 288
36 921
36 671
36 84
36 949
36 497
36 175
36 599
36 289
36 106
36 730
36 867
37 58
37 512
37 900
37 268
37 542
37 814
37 235
38 970
38 866
38 723
38 38
38 674
38 83
38 857
38 428
38 752
38 437
39 531
39 989
39 156
39 786
39 812
39 798
39 426
39 258
39 139
39 576
39 504
40 993
40 237
40 592
40 492
40 371
40 301
40 434
40 857
40 704
40 351
40 908
40 881
41 384
41 257
41 668
41 792
41 355
41 105
41 372
41 223
41 950
41 826
42 571
42 258
42 860
42 998
42 707
42 686
42 831
42 711
42 359
42 245
42 323
42 72
42 411
42 66
42 629
42 45
42 698
42 624
42 79
43 419
43 298
43 806
43 908
43 56
43 936
43 520
43 869
43 176
43 590
44 291
44 289
44 419
44 284
44 217
44 772
44 498
44 987
44 708
44 827
45 139
45 775
45 776
45 359
45 737
45 948
45 765
45 823
45 90
46 86
46 706
46 621
46 357
46 967
47 685
47 939
47 236
47 303
47 184
47 723
47 213
47 47
47 204
47 584
47 437
48 536
48 157
48 763
48 526
48 637
48 79
48 441
48 135
48 175
48 388
48 513
48 504
49 300
49 837
49 537
49 645
49 160
49 112
49 733
49 153
49 244
50 908
50 141
50 805
50 329
50 566
50 412
51 468
51 768
51 771
51 268
51 654
51 766
51 299
52 781
52 660
52 404
52 417
52 816
52 67
52 97
53 792
53 323
53 514
53 808
53 391
53 721
53 901
53 199
54 784
54 785
54 802
54 685
54 98
54 855
54 129
54 198
54 868
54 402
54 557
55 308
55 903
55 237
55 176
55 249
55 866
55 655
55 299
55 864
55 983
55 976
55 649
55 526
55 358
55 636
55 215
55 895
56 694
56 986
56 650
56 805
56 176
56 180
56 566
57 224
57 57
57 539
57 454
57 773
57 172
57 735
57 744
57 450
57 309
58 755
58 133
58 835
58 475
58 972
59 730
59 679
59 897
59 517
59 150
59 410
60 262
60 907
60 533
60 661
60 288
60 545
60 787
60 306
60 352
60 330
60 818
61 525
61 298
61 896
61 421
61 330
61 419
61 646
61 631
61 450
61 790
62 689
62 900
62 654
62 62
62 891
63 764
63 643
63 870
63 328
63 758
63 841
64 774
64 550
64 426
64 689
64 753
64 849
64 365
65 592
65 88
65 102
65 730
65 480
65 196
65 111
65 526
66 861
66 677
66 607
66 391
66 524
66 199
66 95
66 881
67 692
67 795
67 290
67 538
67 417
67 489
67 660
67 207
67 404
67 716
67 773
67 165
67 127
67 714
67 551
67 357
68 308
68 186
68 141
68 298
68 176
68 566
68 437
68 387
68 632
69 797
69 161
69 585
69 947
69 770
69 523
69 885
69 974
69 870
70 302
70 407
70 326
70 912
70 607
70 123
70 198
70 470
70 868
70 794
71 273
71 390
71 292
71 308
71 569
71 259
71 86
71 856
71 729
71 230
72 988
72 420
72 301
72 189
72 619
72 322
72 411
72 568
72 937
72 520
73 597
73 642
73 517
73 671
73 450
73 713
73 846
73 367
73 249
74 482
74 802
74 627
74 111
74 886
74 756
74 119
74 739
75 384
75 133
75 898
75 330
75 609
75 493
75 227
75 882
76 675
76 665
76 337
76 166
76 522
76 766
76 876
76 140
77 264
77 499
77 362
77 496
77 845
77 728
77 626
78 133
78 574
78 478
78 822
78 221
78 483
78 511
78 232
79 976
79 855
79 656
79 560
79 610
79 632
79 504
79 152
79 763
79 803
79 303
79 899
80 460
80 925
80 576
80 904
80 750
80 93
80 356
81 492
81 351
81 420
81 145
81 707
82 128
82 447
82 123
82 841
82 297
82 163
82 728
83 344
83 520
83 197
83 437
83 113
83 999
83 89
83 303
83 820
84 671
84 555
84 450
84 846
84 719
84 863
84 616
85 324
85 347
85 629
85 864
85 115
85 232
86 699
86 944
86 87
86 769
86 518
86 485
86 634
86 657
86 127
86 314
86 403
86 123
87 815
87 308
87 729
87 699
87 498
87 414
87 254
87 846
87 240
88 326
88 525
88 186
88 225
88 897
88 102
88 572
88 879
88 302
88 164
88 313
88 930
88 895
88 576
89 723
89 213
89 437
89 125
89 847
89 236
90 650
90 401
90 279
90 826
90 461
90 269
90 354
90 809
90 435
90 647
90 998
90 189
90 375
91 525
91 330
91 450
91 96
91 985
91 314
91 829
91 616
91 444
91 866
91 240
91 107
92 352
92 680
92 380
92 92
92 448
92 474
93 917
93 193
93 215
93 540
93 356
93 168
93 925
93 211
93 817
93 400
93 331
93 724
93 129
93 712
93 631
93 649
94 385
94 792
94 882
94 363
94 129
94 496
94 566
94 749
94 203
95 867
95 391
95 881
95 307
95 150
95 117
96 976
96 710
96 941
96 315
96 578
96 966
96 357
96 240
97 660
97 692
97 97
97 795
97 417
97 501
97 976
97 916
97 511
98 783
98 407
98 798
98 802
98 748
98 560
98 120
98 190
99 692
99 817
99 819
99 201
99 436
99 779
99 299
100 699
100 449
100 785
100 939
100 983
100 105
100 109
101 761
101 252
101 910
101 986
101 220
101 990
101 734
101 360
101 785
101 703
101 642
101 690
101 787
102 993
102 292
102 423
102 171
102 196
102 714
102 225
102 945
102 140
102 779
102 242
102 215
103 308
103 421
103 464
103 103
103 631
103 169
103 284
103 940
103 493
104 660
104 716
104 389
104 207
104 580
104 429
104 968
104 797
105 916
105 598
105 476
105 744
105 432
105 181
105 226
105 690
105 824
106 398
106 209
106 757
106 848
106 718
106 506
107 580
107 528
107 344
107 946
107 792
107 341
108 116
108 719
108 713
108 972
108 362
109 222
109 183
109 189
109 118
109 939
109 600
109 182
109 390
109 371
109 894
109 947
109 826
110 582
110 805
110 934
110 809
110 954
110 761
110 854
111 432
111 358
111 647
111 187
112 384
112 786
112 302
112 617
112 876
112 503
112 460
112 561
112 123
113 901
113 653
113 915
113 150
113 557
113 187
113 885
114 545
114 899
114 927
114 986
114 869
114 241
114 944
114 864
114 381
114 357
115 645
115 160
115 115
115 939
115 903
115 578
115 187
116 646
116 154
116 825
116 477
116 579
116 478
116 297
116 806
116 203
117 640
117 514
117 773
117 631
118 906
118 911
118 545
118 634
118 344
118 655
119 134
119 906
119 295
119 173
119 957
119 836
119 601
119 296
119 411
119 158
119 484
119 782
119 300
119 564
119 552
119 534
119 914
119 826
119 333
119 212
119 391
119 530
119 994
119 475
120 803
120 798
120 326
120 334
120 675
120 685
120 346
120 746
120 684
120 802
120 181
120 997
120 750
120 708
120 759
120 593
120 664
120 198
120 609
120 858
120 921
120 160
120 244
120 448
120 788
120 704
120 535
121 329
121 825
121 475
121 226
121 483
121 765
122 265
122 352
122 482
122 761
122 748
123 403
123 626
123 319
123 123
123 603
123 713
123 127
123 300
124 641
124 582
124 843
124 149
124 126
124 577
125 568
125 966
125 277
125 323
126 694
126 391
126 524
126 703
126 730
127 649
127 654
127 891
127 998
128 667
128 841
128 542
128 177
128 869
128 845
129 591
129 563
129 779
129 400
129 495
129 385
129 443
129 479
129 999
130 380
130 192
130 152
130 414
130 484
130 546
130 560
131 673
131 244
131 773
131 909
131 953
131 736
132 697
132 582
132 512
132 951
132 466
132 900
132 280
132 814
132 888
132 514
132 808
133 574
133 154
133 336
133 478
133 581
133 646
133 822
133 736
133 226
133 567
133 992
134 601
134 906
134 914
134 821
134 880
134 295
134 300
134 308
134 604
134 696
134 188
135 271
135 152
135 880
135 890
135 720
135 953
136 292
136 226
136 952
136 777
136 424
136 774
136 405
136 648
136 946
136 550
136 683
136 402
136 918
136 218
136 762
136 703
136 644
136 426
136 365
136 136
136 354
136 314
136 476
136 741
136 857
136 867
136 186
136 665
136 706
136 861
137 907
137 442
137 621
137 877
137 195
137 303
137 788
138 899
138 706
138 671
138 698
138 576
138 868
138 895
139 567
139 258
139 287
139 645
139 698
139 860
139 629
140 140
140 522
140 413
140 659
140 698
140 312
141 181
141 650
141 806
141 566
141 391
141 255
141 805
141 298
141 176
141 473
142 384
142 302
142 142
142 597
142 808
142 724
142 668
142 444
142 854
142 991
142 355
142 792
143 260
143 156
143 536
143 812
143 531
143 606
143 876
143 822
144 164
144 492
144 301
144 322
144 144
144 302
144 918
144 846
144 866
145 420
145 939
145 704
145 492
145 730
145 894
145 654
145 358
146 658
146 463
146 934
146 691
146 532
146 723
146 344
146 305
146 791
147 267
147 613
147 372
147 858
147 506
147 195
147 958
147 773
148 566
148 645
148 177
148 358
148 921
148 766
148 636
148 211
149 993
149 751
149 231
149 623
149 456
149 843
149 582
149 681
149 409
149 697
149 802
149 704
150 836
150 611
150 502
150 749
150 777
150 165
150 950
150 705
150 583
150 732
151 581
151 433
151 622
151 516
151 410
151 824
151 375
151 633
152 957
152 414
152 656
152 943
152 511
152 560
153 522
153 570
153 659
153 153
154 154
154 736
154 920
154 237
154 825
154 571
154 318
154 477
154 221
155 468
155 486
155 823
155 639
155 819
155 377
155 402
155 984
155 636
156 156
156 415
156 265
156 950
157 265
157 375
157 895
157 302
158 782
158 914
158 300
158 411
158 600
158 237
158 296
158 173
158 948
158 178
158 979
159 783
159 928
159 270
159 530
159 529
159 429
159 769
159 831
159 803
159 465
159 467
159 993
159 481
159 699
160 837
160 271
160 970
160 227
160 808
161 717
161 340
161 901
161 289
161 513
161 284
161 716
161 200
161 419
162 198
162 349
162 941
162 740
162 886
162 841
162 568
162 962
162 357
162 277
162 824
163 837
163 920
163 271
163 722
163 308
164 619
164 492
164 862
164 348
164 955
164 189
164 560
165 263
165 907
165 533
165 545
165 493
165 828
165 761
166 993
166 413
166 337
166 570
167 202
167 718
167 314
167 463
167 353
167 635
167 276
167 291
167 245
167 965
167 305
168 400
168 211
168 811
168 964
168 436
168 356
169 729
169 837
169 286
169 671
169 373
169 555
169 561
169 450
169 616
170 704
170 313
170 375
170 461
170 232
170 720
171 225
171 879
171 171
171 943
171 714
172 208
172 624
172 966
172 403
172 577
172 197
172 866
172 357
172 240
172 361
172 391
173 295
173 552
173 411
173 601
173 296
173 914
173 957
173 564
173 185
173 330
173 245
173 348
173 426
173 926
174 962
174 647
174 388
174 174
174 705
175 889
175 297
175 992
175 831
175 945
175 450
175 374
175 249
176 806
176 650
176 805
176 180
176 329
176 176
176 853
176 590
176 936
176 298
176 886
176 501
176 517
176 216
176 272
176 330
176 367
177 250
177 259
177 495
177 985
177 314
177 866
177 309
178 547
178 293
178 219
178 292
178 308
178 596
178 254
178 409
179 283
179 454
179 409
179 539
179 224
179 884
179 693
179 868
179 655
180 411
180 559
180 650
180 298
180 566
180 182
180 199
180 504
180 835
181 398
181 802
181 423
181 416
181 338
181 784
181 692
182 935
182 436
182 408
182 576
182 205
183 417
183 862
183 956
183 851
183 302
184 941
184 723
184 303
184 820
184 627
185 259
185 678
185 495
185 446
185 384
185 315
185 962
185 866
185 357
185 232
186 894
186 943
186 186
186 522
187 522
187 871
187 653
187 377
187 743
187 480
187 220
187 896
188 948
188 901
188 925
188 724
188 576
188 437
188 201
188 331
188 215
189 956
189 210
189 331
189 851
189 479
189 845
190 308
190 613
190 941
190 190
190 866
190 357
191 899
191 744
191 220
191 191
191 951
191 981
191 598
191 734
191 381
191 936
191 733
191 861
191 633
192 931
192 465
192 364
192 220
192 613
192 479
192 527
192 560
192 504
193 682
193 436
193 211
193 361
193 576
193 193
193 203
193 266
193 662
193 974
193 522
193 724
194 442
194 318
194 462
194 538
194 221
194 226
194 625
195 485
195 861
195 392
195 621
195 883
195 600
195 974
195 195
195 858
195 628
195 319
195 694
195 878
195 402
195 286
196 983
196 943
196 486
196 897
196 670
196 206
196 472
196 996
197 308
197 346
197 678
197 568
197 314
197 578
197 995
197 605
197 369
197 627
197 755
197 827
197 866
198 778
198 802
198 708
198 452
198 798
198 470
198 667
198 785
198 675
198 593
198 246
198 684
198 430
198 423
198 306
198 342
198 842
198 401
198 277
198 396
198 576
198 780
198 485
198 334
198 868
199 514
199 309
199 752
199 516
199 624
199 666
199 881
200 401
200 826
200 435
200 712
200 824
200 516
200 239
200 348
200 809
200 302
200 432
200 658
200 864
200 354
200 375
201 916
201 540
201 215
201 811
201 935
201 576
201 875
201 720
201 436
201 329
201 761
201 472
201 722
201 277
201 205
201 211
202 899
202 916
202 927
202 694
203 436
203 720
203 672
204 275
204 841
204 339
204 494
205 624
205 925
205 211
205 720
205 510
205 361
205 345
205 461
205 299
206 281
206 803
206 529
206 988
206 278
206 898
207 389
207 692
207 781
207 795
207 266
207 554
207 456
207 916
207 863
207 353
208 456
208 651
208 745
208 722
208 910
209 716
209 815
209 699
209 717
209 826
209 483
210 484
210 327
210 428
210 955
210 894
210 616
210 743
210 826
211 935
211 639
211 487
212 381
212 402
212 565
212 952
212 861
213 674
213 236
213 727
213 303
213 388
213 763
214 249
214 440
214 749
214 647
214 827
214 678
214 904
214 491
215 448
215 331
215 681
215 682
215 925
215 215
215 576
215 540
215 654
215 678
215 500
216 543
216 386
216 400
217 901
217 937
217 559
217 513
217 264
217 284
217 419
217 464
217 686
217 568
218 906
218 665
218 426
218 391
218 861
218 432
219 769
219 292
219 815
219 565
219 546
219 691
220 903
220 797
220 905
220 381
220 802
220 570
220 305
220 435
221 442
221 646
221 571
221 975
221 718
221 825
221 747
221 477
221 483
221 478
221 873
221 832
221 835
221 859
221 226
221 804
221 821
221 654
221 765
221 339
221 290
221 600
222 813
222 955
222 301
222 852
222 226
222 461
223 347
223 223
223 358
223 224
224 454
224 662
224 539
224 908
224 758
224 685
224 279
225 829
225 730
225 349
226 478
226 701
226 625
226 822
226 859
226 661
226 891
226 674
227 288
227 258
227 998
227 775
227 555
228 930
228 815
228 308
228 449
228 848
228 596
228 852
228 634
229 665
229 445
229 671
229 677
229 690
229 433
229 719
229 972
230 930
230 292
230 852
230 840
230 717
230 850
230 325
230 425
230 308
230 547
230 804
230 699
230 485
230 878
230 861
230 494
230 612
230 242
230 282
230 880
230 555
231 761
231 722
231 340
231 426
231 395
231 391
232 655
232 731
232 738
232 358
232 726
232 748
232 604
232 629
232 636
232 347
232 864
232 232
232 818
232 299
232 725
232 256
232 944
232 941
232 420
232 465
232 902
232 555
233 425
233 409
233 693
233 251
233 618
233 454
233 666
233 679
233 374
233 514
234 991
234 668
234 257
234 302
234 425
234 410
235 456
235 706
235 438
235 570
235 770
235 275
235 473
235 944
235 627
236 241
236 736
236 674
236 676
236 646
237 301
237 851
237 366
237 768
237 792
238 775
238 707
238 839
238 505
238 624
239 988
239 805
239 413
239 401
239 696
239 754
240 962
240 578
240 969
240 357
240 985
240 369
240 315
240 607
240 678
240 349
240 740
240 961
240 894
240 926
240 781
240 932
240 318
240 986
241 449
241 986
241 734
241 368
241 905
241 973
241 954
241 677
242 296
242 820
242 387
242 826
242 872
242 752
242 578
243 427
243 993
243 373
243 933
243 919
243 466
243 503
243 701
244 385
244 792
244 947
244 350
244 479
244 412
244 779
244 546
244 892
245 296
245 706
245 938
245 707
245 624
245 791
246 685
246 306
246 334
246 600
246 602
246 445
246 328
247 308
247 286
247 731
247 604
247 265
248 783
248 933
248 638
249 677
249 555
249 690
249 702
249 846
249 671
249 719
249 285
249 616
249 844
249 395
249 992
249 553
249 450
249 338
249 927
249 568
249 298
249 903
250 465
250 734
250 503
250 471
250 282
250 379
250 690
251 662
251 454
251 251
251 478
251 862
251 908
251 849
252 265
252 533
252 545
252 761
252 370
252 830
252 755
252 581
252 262
252 541
252 482
252 833
252 887
252 898
252 448
252 814
252 622
253 325
253 777
253 706
253 565
253 839
254 769
254 398
254 292
254 308
254 390
254 930
254 611
254 711
254 458
254 605
254 328
255 774
255 777
255 780
255 835
255 394
255 439
255 753
256 419
256 846
256 900
256 358
256 595
256 655
256 387
257 384
257 668
257 991
257 328
257 302
257 450
257 819
258 289
258 287
258 408
258 711
258 737
258 959
258 860
258 585
258 258
258 624
258 686
258 775
258 698
258 776
258 571
258 343
258 498
258 710
258 945
258 319
258 277
259 578
259 369
259 709
259 821
259 941
259 314
259 357
260 989
260 531
260 782
260 536
260 793
260 812
260 533
260 596
260 490
260 505
261 948
261 901
261 419
261 569
261 866
261 937
261 700
261 537
261 500
262 830
262 376
262 288
262 883
262 907
262 273
262 926
262 482
262 370
262 761
263 282
263 569
263 482
263 830
263 273
263 581
263 288
263 352
263 755
263 473
263 840
263 708
263 439
263 907
263 533
263 761
263 598
263 430
263 736
263 323
264 398
264 693
264 941
264 831
264 981
264 323
264 391
265 519
265 545
265 661
265 761
265 288
265 352
265 907
265 755
265 855
265 581
265 828
265 830
265 541
265 482
265 265
265 874
265 618
265 800
266 550
266 776
266 831
266 842
266 686
267 660
267 278
267 567
267 613
267 978
267 445
267 694
267 301
267 871
267 451
267 621
267 771
267 860
268 692
268 891
268 930
268 639
268 647
268 885
269 670
269 535
269 826
269 369
270 993
270 364
270 327
270 970
270 743
270 783
270 695
270 375
271 944
271 645
271 837
271 271
272 813
272 962
272 439
272 763
272 391
272 622
272 808
272 309
273 545
273 907
273 926
273 569
273 369
273 983
273 541
273 761
273 867
273 770
274 876
274 335
274 867
274 337
274 659
274 902
274 570
274 890
274 918
274 278
274 413
274 866
275 661
275 841
275 871
275 386
275 432
276 383
276 934
276 691
276 276
277 321
277 972
278 778
278 658
278 528
278 366
278 278
278 464
278 673
279 387
279 788
279 826
279 670
279 313
279 494
279 375
279 501
279 348
279 535
279 354
279 676
279 413
279 904
279 453
279 694
279 435
279 754
279 724
280 433
280 900
280 768
280 990
280 888
281 469
281 508
281 803
281 427
281 993
281 352
281 577
282 988
282 530
282 507
282 928
282 294
282 931
282 801
282 723
282 559
282 387
282 993
282 384
282 488
283 389
283 781
283 660
283 290
283 816
283 935
283 923
284 513
284 901
284 772
284 563
284 983
284 999
284 636
285 993
285 692
285 844
285 553
285 446
285 945
285 958
285 450
286 642
286 432
286 949
286 945
286 690
286 821
286 958
286 974
286 777
286 677
286 555
286 553
286 450
286 719
287 397
287 450
287 617
287 963
287 624
288 907
288 533
288 352
288 569
288 923
288 545
288 769
288 289
288 702
288 891
288 578
288 480
289 559
289 419
289 700
290 389
290 580
290 290
290 716
290 470
291 529
291 507
291 813
291 373
291 818
291 465
291 466
291 993
292 547
292 852
292 425
292 311
292 838
292 310
292 293
292 705
292 929
292 676
292 308
292 848
292 634
292 458
292 775
292 319
293 455
293 757
293 960
293 308
293 449
293 634
294 783
294 911
294 530
294 543
294 928
294 427
294 976
294 660
295 906
295 836
295 484
295 914
295 782
295 296
295 564
295 308
295 589
295 383
295 880
295 885
295 957
296 906
296 552
296 534
296 296
296 300
296 411
296 782
296 670
296 540
296 564
296 601
297 579
297 706
297 395
297 671
297 432
297 846
298 545
298 650
298 908
298 853
298 298
298 590
298 652
298 622
298 700
298 566
298 747
298 511
298 799
299 828
299 726
299 738
299 635
299 984
300 782
300 678
300 836
301 955
301 570
301 673
301 956
301 894
302 384
302 854
302 628
303 980
303 303
303 655
303 869
304 407
304 402
304 941
304 688
304 598
304 747
304 315
304 962
304 866
305 429
305 463
305 532
305 934
305 321
305 417
305 592
305 691
305 887
306 416
306 685
306 468
306 682
306 519
307 545
307 483
307 924
307 898
307 586
307 621
307 810
307 317
307 631
307 412
307 818
308 449
308 595
308 310
308 804
308 397
308 930
308 729
308 769
308 840
308 944
308 343
308 455
308 431
308 757
308 485
308 815
308 425
308 390
308 596
308 476
308 706
308 661
308 634
309 524
309 752
310 930
310 547
310 757
310 596
310 748
310 759
310 355
310 717
310 848
310 458
310 357
311 769
311 425
311 944
311 695
312 428
312 505
312 956
312 312
312 704
312 894
312 436
313 338
313 826
313 580
313 598
313 402
314 805
314 814
314 568
314 740
314 688
314 962
314 866
314 985
314 971
314 717
314 875
314 357
314 527
315 605
315 395
315 866
315 357
316 392
316 600
316 877
316 335
316 372
316 567
316 883
316 685
316 421
316 833
316 710
316 488
317 547
317 898
317 464
317 586
317 434
317 334
317 796
317 330
317 350
318 975
318 873
318 629
318 832
318 320
318 374
318 332
318 516
318 487
319 767
319 444
319 473
319 870
319 535
319 982
320 646
320 718
320 506
320 442
320 922
320 462
320 704
320 840
320 838
320 483
320 845
320 557
321 321
321 635
321 765
321 691
322 322
322 420
322 890
322 344
322 490
322 894
322 450
322 474
323 523
323 845
323 728
323 557
323 705
324 519
324 482
324 417
324 786
324 688
324 357
325 695
325 878
325 856
325 932
325 826
325 717
325 405
326 798
326 430
326 615
326 667
326 621
326 868
327 427
327 928
327 588
327 976
327 988
327 694
327 713
327 387
328 707
328 941
328 979
328 362
328 441
328 659
328 713
328 972
328 728
328 895
329 805
329 566
330 896
330 586
330 493
330 464
330 924
330 421
330 898
330 330
330 458
331 612
331 414
331 633
331 632
332 689
332 380
332 575
332 453
332 680
332 424
332 622
332 758
333 368
333 334
333 649
333 654
333 771
333 546
333 393
333 891
333 510
333 868
333 623
333 564
333 766
333 860
333 362
334 970
334 593
334 383
334 506
334 338
334 405
335 993
335 571
335 567
335 600
335 419
335 421
335 488
335 621
335 418
336 571
336 701
336 462
336 530
336 847
336 483
337 659
337 413
337 523
337 881
338 960
338 533
338 802
338 912
338 672
338 868
338 952
338 602
338 688
339 489
339 419
339 457
339 972
339 620
339 626
339 647
340 965
340 971
340 340
340 623
340 456
340 345
340 630
340 578
341 543
341 933
341 427
341 529
341 784
341 879
341 993
341 728
342 407
342 798
342 802
342 868
342 746
343 390
343 431
343 815
343 946
343 634
343 685
343 590
344 554
344 851
344 862
344 859
345 838
345 384
345 965
345 582
345 456
346 785
346 430
346 746
346 741
346 615
346 375
346 422
346 671
347 864
347 639
347 697
347 470
347 636
347 516
348 447
348 696
348 712
349 863
349 359
349 962
349 866
349 999
350 784
350 385
350 947
350 479
350 739
350 663
350 792
350 563
350 779
350 369
350 454
350 879
351 983
351 704
351 523
352 545
352 352
352 569
352 581
352 926
352 541
352 761
352 376
352 661
352 404
352 566
352 641
352 702
352 590
353 539
353 899
353 532
353 836
354 952
354 583
354 807
354 375
355 384
355 991
355 814
355 679
355 646
355 964
356 692
356 664
356 400
356 724
356 576
356 811
356 720
356 595
356 497
356 620
356 396
357 688
357 866
357 678
357 962
357 742
357 966
357 495
357 985
357 605
357 486
357 439
357 990
357 771
357 824
357 909
358 639
358 629
358 655
358 608
358 984
358 725
358 748
358 636
358 358
358 604
358 464
358 531
358 428
358 988
358 381
358 557
359 766
359 686
359 998
359 938
359 585
359 929
359 738
359 624
360 399
360 694
360 381
361 935
361 724
361 363
362 591
362 750
363 913
363 386
363 792
363 619
363 681
363 560
364 783
364 465
364 373
364 960
364 548
364 487
364 897
364 746
364 563
365 381
365 405
365 806
366 778
366 528
366 673
366 929
366 848
367 677
367 702
367 450
367 787
368 903
368 905
368 916
368 505
369 761
369 795
369 866
369 647
369 610
370 907
370 533
370 545
370 828
370 684
370 761
370 806
370 866
371 420
371 851
371 726
371 713
372 445
372 451
372 621
372 769
372 568
372 637
373 727
374 685
374 426
374 706
374 671
374 555
374 949
374 642
374 886
374 791
374 957
374 900
374 563
375 944
375 711
375 824
375 754
375 670
375 676
375 713
375 515
375 985
376 427
376 926
376 545
376 828
376 761
376 745
376 583
376 510
377 841
377 611
377 731
377 949
377 387
378 912
378 713
378 728
378 523
378 841
378 612
378 435
379 744
379 876
379 981
380 450
380 453
380 872
381 899
381 916
381 744
381 876
381 694
381 503
381 869
381 990
381 927
381 981
381 638
381 442
381 811
381 449
381 666
381 452
382 828
382 847
382 648
382 665
382 550
382 952
382 573
382 706
382 861
383 856
383 423
383 480
384 786
384 597
384 444
384 617
384 384
384 730
384 638
384 854
384 991
384 802
384 866
384 510
385 427
385 847
385 546
385 779
385 612
385 663
385 445
385 814
385 426
385 725
385 496
385 820
385 560
386 431
386 472
386 461
386 515
386 412
386 612
386 500
387 982
387 401
387 712
387 670
387 487
387 461
387 715
387 800
387 397
387 826
388 641
388 916
388 554
388 502
388 647
388 583
389 538
389 767
389 983
390 840
390 449
390 605
391 924
391 942
391 514
391 787
391 964
391 391
391 753
391 524
391 909
391 752
391 668
391 856
391 801
391 984
391 760
392 613
392 591
392 913
392 567
392 445
392 973
392 621
392 841
393 900
393 654
393 393
393 468
393 546
393 766
394 455
394 771
394 900
394 418
394 814
394 891
395 874
395 555
395 599
395 844
395 949
395 835
395 521
395 450
395 846
395 742
395 754
396 483
396 920
396 772
396 680
396 977
397 944
397 840
397 729
397 397
397 398
397 930
397 815
397 699
397 449
397 456
397 959
398 933
398 449
398 838
398 614
398 820
398 695
398 634
399 709
399 905
399 910
399 784
400 925
400 540
400 523
400 566
400 672
400 895
401 798
401 516
401 676
401 800
401 751
401 949
401 807
401 735
401 439
401 696
401 826
401 504
402 660
402 657
402 550
402 918
402 549
402 777
402 402
402 689
402 762
402 685
402 557
402 896
402 706
402 861
403 634
403 643
404 755
404 660
404 764
404 716
404 867
404 822
404 687
404 963
405 986
405 774
405 665
405 703
405 952
405 577
405 917
405 794
405 669
405 558
405 437
406 416
406 664
406 667
406 468
406 639
406 409
406 407
406 609
407 660
407 893
407 409
407 620
407 551
408 955
408 775
408 776
408 752
408 938
409 454
409 693
409 618
409 435
409 688
409 504
410 516
410 791
410 487
410 809
411 411
411 914
411 534
411 948
411 836
412 899
412 506
412 515
412 792
412 663
412 412
412 967
412 572
412 892
413 907
413 996
413 413
413 581
413 825
413 972
414 560
414 895
415 601
415 923
415 900
415 814
415 891
416 784
416 664
416 628
416 593
416 468
416 644
416 521
416 774
416 814
417 781
417 692
417 558
418 732
418 886
418 827
418 842
418 885
418 504
419 901
419 700
419 559
419 937
419 513
419 772
419 780
419 428
420 420
420 862
420 505
420 528
420 800
420 937
420 592
420 983
420 620
421 896
421 631
421 742
422 644
422 665
422 424
422 780
422 426
422 952
422 706
422 602
422 861
422 866
423 430
423 997
423 615
423 868
423 424
424 993
424 918
424 669
424 424
424 709
424 426
424 573
425 993
425 804
425 944
425 634
425 706
425 875
426 550
426 794
426 683
426 952
426 942
426 558
426 684
426 596
426 880
427 529
427 709
427 988
427 606
427 588
427 548
427 508
427 933
427 976
427 970
427 801
427 509
427 465
427 960
427 530
427 974
427 810
427 549
427 610
427 477
427 780
427 913
427 813
427 953
427 741
428 929
428 777
428 956
428 490
428 894
428 574
428 950
429 928
429 988
430 912
430 802
430 562
430 868
430 736
431 717
431 944
431 848
431 431
431 716
431 714
432 642
432 677
432 863
432 992
433 555
433 844
433 949
433 821
433 450
433 846
434 734
434 528
434 774
434 706
434 961
435 715
435 954
435 909
436 607
436 849
436 720
436 510
436 436
436 721
436 978
436 905
436 576
437 933
437 723
437 820
437 674
437 437
437 797
437 700
437 882
438 458
438 613
438 451
438 710
438 973
439 824
440 688
440 647
440 557
440 611
440 966
440 705
441 478
441 527
441 560
443 991
443 792
443 943
443 882
444 668
444 617
444 492
444 705
445 727
445 600
445 883
445 524
445 613
445 621
445 654
445 885
445 516
446 953
446 778
446 658
446 528
446 489
446 669
446 863
447 778
447 646
447 523
447 792
447 620
447 611
448 929
448 680
448 448
448 453
449 699
449 769
449 850
449 449
449 815
449 547
449 952
449 683
449 956
449 729
450 677
450 555
450 587
450 599
450 863
450 553
450 844
450 857
450 874
450 719
450 642
450 921
450 450
450 702
450 821
450 497
450 690
450 671
450 679
450 733
450 981
450 530
450 846
450 616
450 570
451 588
451 700
451 974
451 459
451 692
451 621
452 793
452 981
452 667
452 685
452 470
452 550
453 790
453 940
453 833
453 899
453 808
453 758
454 618
454 820
454 796
455 933
455 595
455 878
455 982
456 697
456 582
456 641
456 843
456 735
456 745
456 651
456 853
456 659
456 946
457 673
457 558
457 689
457 946
458 848
458 974
458 877
458 973
458 488
458 516
458 613
458 792
458 935
459 905
459 798
459 759
459 978
459 980
460 798
460 675
460 893
460 708
460 628
460 468
460 551
461 982
462 477
462 847
462 825
462 674
462 962
463 691
463 749
463 660
463 532
464 898
464 899
465 588
465 530
465 508
465 466
465 481
465 465
465 911
465 872
465 838
465 766
465 467
465 993
465 856
465 512
466 783
466 829
466 960
466 588
466 972
466 968
466 565
466 533
467 911
467 953
467 548
467 529
467 902
467 935
467 900
467 473
468 798
469 783
469 931
469 976
469 529
469 606
469 958
469 541
469 597
470 965
470 669
470 628
471 692
471 899
471 910
471 916
471 694
471 598
471 973
471 870
472 952
472 686
472 663
472 792
473 801
473 528
473 654
473 967
473 603
473 626
473 844
473 704
473 871
474 894
474 555
474 690
474 846
474 863
474 527
475 574
475 980
475 900
476 916
476 797
476 910
476 734
476 779
476 789
476 552
477 513
477 760
477 532
478 483
478 863
478 621
479 488
479 555
479 563
479 500
479 892
479 987
479 496
479 479
479 589
479 981
479 492
479 999
480 703
480 557
480 950
480 583
480 647
480 720
480 711
481 993
481 709
481 911
481 519
481 797
482 519
482 545
482 907
482 518
482 761
483 579
483 736
483 832
483 577
483 530
483 788
484 906
484 836
484 844
484 634
485 944
485 547
485 634
485 930
485 639
485 544
485 863
485 792
485 633
486 619
486 572
486 714
486 888
486 846
487 722
487 696
487 673
487 682
488 596
488 913
488 567
488 931
488 621
488 866
489 660
489 544
489 692
489 780
490 955
490 862
490 894
491 802
491 974
491 557
491 627
491 817
492 939
492 894
492 518
493 521
493 510
493 799
494 922
494 780
494 555
494 696
495 564
495 937
495 688
495 578
495 866
496 574
496 496
496 940
497 734
497 846
497 998
497 808
498 775
498 774
498 733
499 972
499 870
499 523
499 756
499 716
500 790
500 779
500 563
500 921
501 953
501 516
501 826
501 982
502 677
502 719
502 647
502 557
503 986
503 903
504 527
504 560
504 904
504 610
505 592
506 736
506 911
507 919
507 993
507 950
508 919
508 970
508 993
509 993
509 509
509 991
509 758
510 802
510 870
510 826
510 682
510 724
510 739
511 889
511 735
511 630
511 511
511 576
511 776
512 879
512 654
512 768
512 649
512 914
512 900
512 713
513 513
513 772
513 598
513 901
513 559
513 621
514 787
514 909
514 753
514 808
514 900
514 734
515 515
515 989
515 792
515 987
516 872
516 535
516 791
516 660
516 824
517 949
517 644
517 671
517 555
517 690
517 719
517 992
517 578
518 838
518 897
518 572
518 730
519 661
519 953
519 907
520 810
520 762
520 565
520 644
520 520
520 942
520 894
520 963
520 952
520 706
521 660
521 521
522 802
522 522
522 996
522 962
523 927
523 592
523 550
523 643
523 967
523 972
524 752
524 774
525 746
525 897
525 730
525 879
525 706
526 770
526 637
526 880
526 556
526 560
526 895
527 727
527 663
527 880
527 560
528 528
528 778
528 929
528 721
528 673
529 960
529 709
529 865
529 919
529 897
530 931
530 988
530 768
530 803
530 933
530 829
530 649
530 728
530 954
531 536
531 531
531 880
531 793
531 939
531 894
531 550
532 934
532 691
533 907
533 828
533 545
533 755
533 761
533 904
534 906
534 564
534 948
534 534
534 895
534 658
534 824
535 715
536 547
536 850
536 698
537 988
537 593
537 645
537 837
537 725
538 660
538 538
538 675
538 692
539 781
539 618
539 884
539 831
539 724
540 907
540 940
540 682
541 569
541 794
541 545
541 755
542 759
542 644
542 777
542 643
542 845
543 933
543 548
543 803
543 573
543 801
543 970
543 976
543 988
544 660
544 923
544 939
544 764
544 802
545 907
545 855
545 926
545 828
545 545
545 761
545 830
545 581
545 661
545 605
545 964
545 905
545 769
545 811
545 755
545 747
546 900
546 654
546 951
546 814
546 766
547 699
547 852
548 933
548 813
548 548
548 988
549 917
549 648
549 921
549 861
550 774
550 794
550 648
550 706
551 977
551 800
552 906
552 914
552 601
552 674
552 719
553 671
553 555
553 873
553 690
554 923
554 619
554 839
555 671
555 945
555 857
555 863
555 867
555 921
555 677
555 874
555 587
555 561
555 821
555 992
555 719
555 844
555 690
555 616
555 601
555 814
555 559
555 596
555 928
555 956
555 715
555 817
555 839
555 846
556 976
556 869
556 656
556 610
556 904
556 595
556 601
556 570
556 632
557 636
557 652
557 653
557 842
557 756
557 885
557 650
558 665
558 946
558 887
559 901
559 908
560 690
560 603
560 656
560 632
560 895
560 967
560 864
560 981
561 602
561 671
561 846
561 985
562 802
562 615
562 997
562 606
562 868
563 793
563 745
563 865
565 917
565 722
565 818
565 706
565 915
566 805
566 936
566 853
566 650
566 566
566 908
566 590
566 867
566 978
566 840
566 604
566 636
566 771
567 600
567 978
567 883
567 889
568 866
569 907
569 828
569 761
570 902
570 615
571 835
571 625
572 851
572 943
572 811
572 665
573 589
573 706
573 861
574 847
574 579
574 975
574 775
575 680
575 622
575 575
575 977
575 636
576 854
576 682
576 855
576 720
576 724
576 633
577 729
577 822
577 859
577 873
577 579
578 894
578 941
578 962
578 688
578 742
578 961
578 859
578 975
578 966
578 866
579 976
579 646
579 630
579 721
579 846
579 859
579 760
580 781
580 660
580 795
580 692
580 985
580 629
581 907
581 755
581 761
581 730
581 645
582 843
582 965
582 722
582 745
582 802
583 699
583 861
583 950
583 886
583 799
583 767
584 802
584 959
584 585
584 711
584 778
584 658
584 720
585 737
585 776
585 972
586 924
586 870
586 608
586 706
586 620
587 642
587 671
587 677
587 719
587 616
588 801
588 963
589 952
589 780
589 976
589 964
589 861
589 945
590 805
591 779
591 792
592 906
592 651
592 725
593 798
593 802
593 685
593 749
594 901
594 945
594 680
594 977
594 971
595 932
595 657
597 668
597 796
597 597
597 738
598 694
598 793
599 805
599 945
599 846
599 616
599 962
600 652
601 906
601 805
601 987
601 613
602 703
602 706
602 653
603 770
603 643
604 748
604 789
604 943
604 636
604 808
605 761
605 645
605 866
606 783
606 607
607 675
607 921
607 624
607 962
607 961
607 866
607 728
607 870
608 774
608 866
608 865
608 984
609 761
609 784
609 798
609 740
610 758
611 907
611 647
611 950
611 703
613 648
613 710
613 974
613 836
613 662
614 804
614 699
614 850
614 856
614 729
614 634
615 912
615 802
615 708
616 677
616 690
616 821
616 719
616 616
616 844
616 776
616 938
616 618
616 737
617 668
617 991
617 924
618 884
618 799
618 899
618 789
619 671
619 900
620 861
620 770
620 713
620 972
620 774
621 913
621 974
621 858
621 978
621 710
621 727
621 883
621 657
621 722
621 791
621 767
623 735
623 745
623 818
624 963
624 767
624 775
624 998
624 737
624 839
624 860
624 959
624 646
624 683
624 880
625 736
625 956
625 821
625 760
625 742
626 713
626 972
626 646
626 909
626 627
627 664
627 972
628 802
628 820
628 967
628 643
629 639
629 815
629 636
630 781
630 701
630 832
631 708
631 702
632 672
632 656
632 763
633 724
633 819
633 925
634 815
634 856
634 848
634 772
634 768
634 846
635 691
635 708
636 911
636 655
636 636
636 725
636 639
636 823
636 723
636 646
636 692
636 946
637 888
637 666
637 836
638 916
638 694
638 869
638 876
639 655
640 690
640 640
640 752
640 657
641 843
641 751
641 651
642 857
642 650
643 992
643 924
644 777
644 657
644 648
644 861
645 804
645 784
645 920
645 790
645 657
646 782
646 785
646 924
646 922
646 975
647 653
647 749
647 886
647 950
647 842
647 652
647 777
647 987
647 727
648 942
648 683
648 861
648 733
648 665
648 789
648 791
648 689
649 900
650 908
650 853
650 955
650 805
651 878
651 971
651 722
651 732
652 783
652 827
652 652
652 704
653 887
653 915
653 920
653 950
654 900
654 888
654 891
654 768
654 654
654 854
654 677
655 671
655 655
655 864
655 777
655 792
655 823
656 885
656 880
656 763
656 724
656 718
657 929
657 807
657 774
657 952
657 706
657 861
658 796
658 929
658 673
658 774
659 902
659 798
659 791
660 692
660 781
660 716
660 795
660 923
660 789
660 710
661 907
661 761
661 938
661 774
661 678
662 693
662 698
662 884
663 790
663 694
663 792
663 999
663 892
664 997
664 675
664 802
664 667
665 859
665 665
665 728
665 895
665 706
665 977
666 901
666 701
666 944
667 741
667 753
667 798
667 980
668 796
668 940
668 991
668 814
668 866
668 723
669 932
669 910
669 774
669 946
669 983
669 706
670 802
670 954
670 826
671 844
671 945
671 702
671 863
671 697
671 985
671 851
671 998
672 817
673 673
673 778
673 758
674 820
675 785
675 798
675 893
675 741
675 992
675 868
675 746
675 846
676 987
676 696
676 826
677 921
677 874
677 844
677 996
677 711
677 702
677 863
678 766
678 900
678 866
679 897
679 912
680 940
680 758
681 935
681 817
682 774
682 724
683 729
683 861
684 957
684 852
684 785
684 858
685 699
685 997
685 708
685 893
685 746
685 750
685 910
685 868
685 719
686 783
686 798
686 775
686 879
687 812
687 998
687 890
687 963
688 941
688 961
688 966
688 962
689 861
689 952
689 703
689 725
689 706
690 945
690 821
690 992
691 698
691 934
691 914
691 736
692 781
692 692
692 795
692 764
692 816
692 923
692 716
692 954
692 696
693 914
694 899
694 797
694 734
694 949
695 828
695 717
695 729
696 803
696 715
696 888
696 807
697 735
697 843
697 960
698 839
698 698
699 838
699 699
699 899
699 760
700 901
701 736
701 832
701 859
701 999
702 846
702 949
702 951
702 719
702 992
702 880
703 946
703 942
704 980
704 983
704 978
704 998
705 950
705 732
705 988
705 885
705 849
706 807
706 794
706 952
706 762
706 946
706 774
706 780
706 942
706 733
706 961
706 893
706 861
707 925
708 802
708 980
709 953
709 889
709 857
710 877
710 809
710 992
711 971
712 809
712 826
712 834
713 815
713 868
713 972
713 725
714 879
714 761
714 739
714 984
715 906
715 791
715 826
716 761
716 798
717 804
717 992
718 991
718 822
719 846
719 863
719 875
720 864
721 778
721 929
721 721
721 826
722 751
722 758
723 903
724 849
724 973
724 734
726 823
727 830
728 873
728 969
728 972
728 979
728 753
729 930
729 878
729 848
729 855
730 872
730 953
731 868
731 731
732 772
733 777
734 899
734 875
735 965
736 922
736 747
737 775
737 860
738 993
738 946
739 988
739 802
739 998
739 764
739 999
740 941
740 866
741 802
741 829
742 975
743 938
743 968
744 916
744 765
744 972
745 971
745 831
745 820
746 912
746 798
746 802
746 750
746 806
747 916
747 859
748 984
750 798
750 802
750 951
751 971
752 881
753 861
754 824
754 826
756 981
756 952
757 856
757 971
759 912
759 798
759 802
759 828
760 761
761 931
761 830
761 855
761 761
761 907
761 798
761 881
761 833
761 825
762 769
762 918
762 810
762 766
766 814
767 775
767 972
768 814
768 900
768 891
770 841
770 979
770 972
771 951
771 900
771 891
772 901
772 839
772 941
772 892
773 952
773 808
774 777
774 774
774 794
774 969
774 952
775 959
775 859
775 998
776 989
776 848
777 946
777 977
778 899
778 778
778 929
778 902
778 811
778 863
778 900
780 794
782 906
782 914
783 829
783 813
783 931
783 822
783 950
783 911
783 976
784 802
784 943
784 896
784 978
785 893
785 997
785 802
786 786
787 808
788 791
788 934
789 940
790 858
790 999
791 800
791 876
791 824
792 947
792 799
792 987
792 865
793 793
793 868
794 960
795 917
795 895
796 854
796 991
797 910
797 869
798 798
798 980
798 912
798 997
798 833
798 931
798 957
798 802
798 866
799 815
799 866
799 999
800 956
801 993
802 980
802 893
802 912
802 868
803 953
803 889
803 879
804 838
804 932
804 850
805 908
805 936
805 853
805 805
805 806
805 807
805 864
806 806
807 922
807 917
807 860
808 991
808 909
809 954
809 996
815 932
816 816
817 819
818 984
819 832
823 939
824 982
824 826
825 835
826 872
826 954
826 984
826 994
827 858
828 926
828 855
828 828
828 900
829 933
829 953
829 993
832 847
832 902
833 977
834 911
834 834
834 976
834 988
834 993
835 847
836 957
836 962
837 920
837 837
840 933
840 895
841 994
841 979
841 841
