#/Users/georgiabaltsou/Desktop/PhD/Local_exp/LFR.py
# GMT Sat May  4 13:04:43 2019
# 
0 635 180 126 778 733 308 747 0 286 625 962 580
1 797 800 736 699 77 269 151 101
2 225 507 70 406 26 416 813 821 487 702
3 474 67 924 280 660 824 160 382
4 780 527 638 627 400 168 473 14 413 29 887
5 746 791 56 351 192 661 873 882 856 266 336 355
6 837 933 255 646 819 518 321 6 411 509 657 399 290
7 854 858 291 492 995 7 457 954 256 948 698 938 264 439 461 187 376 805 183 188 459
8 129 902 8 218 188
9 176 480 25 999 288 653 720
10 649 331 542 317 789 213 975 240 486 17 157
11 139 927 759 260 299 898 11 123 143 175
12 848 12 506 441 456 509 803 852
13 210 721 787 971 142 73 36 198 398 211 742
14 520 904 865 638 168 360 230 527 896 400 887
15 241 772 672 20 524 18 22 810 216 501
16 585 718 67 280 93 660 828 870 160
17 331 975 240 542 789 80
18 519 46 772 781 621 388 803 284 370 350 238 216 199 22 606 239 501
19 136 785 219 265 640 917 974 491
20 288 781 784 501 113 216 772 666 209 810
21 267 790 841 704 21 943 208
22 588 781 249 173 284 221 224 772 378 501 605 388 49 810 216
23 343 146 801 157 397 191 578 855
24 398 529 788 971 641 211 626 99 994 781
25 219 132 176 985 812 450 201 999 357
26 49 149 267 566 48 565 208
27 707 455 147 957 156 971 30 799
28 724 546 252 372 770 28 959 85 379
29 522 887 79 425 865 534 164 527 512 908 678 888 530 566
30 119 818 957 983 148 455 147 886 799
31 896 479 354 714 528 848 585 361 934 839 327 462 719 731 251
32 259 449 456 233 506 462 33 186
33 456 509 506 186 311 233
34 310 678 795 117 444 835 530 436
35 423 519 547 167 511 561 986 307 675 608 558 179 202 751 71 909
36 906 73 787 537 718 99 404
37 523 779 911 483 244 851 232 395 430
38 136 265 727 764 433 90 219 552
39 268 304 326 215 850 42 195
40 257 269 151 101 755 797 153
41 778 562 642 624 900 674 964 111 374 505 248 422 916 914 403 41 757 541 752 315 152 87 45 366 925
42 847 42 646 557
43 262 539 681 271 725 77 389 570 881 253 63 235 288 205 640
44 270 586 801 776 83 191 575 68
45 642 778 624 125 374 757 900 674 562 505 83 120
46 547 548 561 261 307 179 706 467 751
47 903 557 437 560 462 195
48 267 407 790 208 565 869
49 178 267 790 208 134
50 991 341 764 762 872 917 396 333
51 929 550 193 83 449 817 51 447 768
52 150 52 812 200 997
53 955 648 660 280 414 549 67 925 93 913 772
54 819 255 411 837 184 693 372
55 908 386 923 161 429 464 868 102
56 791 59 614 169 336 355 499
57 775 678 935 816 57 66
58 737 416 181 877 739 813 768 709 711 487 234 507
59 531 791 356 882 266 192 158 614 528 336 861 355
60 686 190 165 617 685 763 328 961 464 854
61 530 401 440 359 712 166 65 309 221 600
62 138 397 279 555 822 737 498 416 202
63 539 551 942 570 205 867 144 620 135
64 289 143 130 926 135 650 421 859 867 197 491 441
65 780 530 401 289 189 237 600
66 169 177 436 312 825 518 608
67 74 280 828 660 758 925 924 528
68 146 405 776 575 137 972
69 380 342 348 335 792 796 253
70 783 181 70 880 226 507 739 416 344 843 827 756 323 225 442 952 314 118 821 395 956 368 634 985 715 755 932 308 487
71 895 842 384 133 774 651 282 285 963 305 298 408 662 876 695 806 71 639 245 562 978 872
72 345 301 947 180 311 92 478 87
73 398 787 788 966 718 211 702
74 430 682 548 511 751
75 795 312 835 177 816 169 315 231
76 768 272 911 278 602 155 496 648 805 347 232 495 651
77 287 551 942 936 725 213
78 897 324 520 399 328 154
79 904 908 887 972
80 396 150 934 573 293 313 182 91 302 681
81 168 417 318 961 686 271 349
82 327 397 279 690 110 879 943 737
83 798 817 449 193 83 447 597 295 214 126 787
84 397 337 460 724 516 372 770 114 870 990 885 252 863 215 598
85 524 194 583 724 337 483 990
86 558 607 682 548 694 599 485 751
87 936 318 464 686 102 161 429 923 87 961 763 458 849 519 349
88 304 437 326 88 560 268 589
89 138 279 89 886 365 697 555 564 830 717 955 690 265 737 152 707
90 917 469 991 762 872 341 136 981 250 393 727 178 90 555 446 645 453
91 934 573 708 407 156
92 398 301 947 563 180 311 729 330 339 937 236 569 676 465 692 545 694 246 554 395 478
93 912 280 414 160 113
94 164 385 145 786 316 988 791
95 296 427 812 95 140 98 999
96 579 104 834 716 989 732 97 363 770
97 579 170 834 528 693 826
98 812 201 611 891 999 291
99 701 663 210 343 966 721 671 906 641 788 787 484 601 996 829 402 494 336
100 911 155 347 907 452
101 581 151 800 101 755 699 269 736 811
102 279 434 318 464 340 349 936 417 458 961 175
103 291 948 227 556 299 493
104 163 170 693 579 743 669
105 397 279 553 701 737 365
106 279 993 259 939 513 588 138 510 701 830 605 498
107 770 516 724 726 785 114 379
108 169 825 722 177 149 491 233
109 844 384 662 285 695 408 395 964
110 138 397 279 690 717 737
111 778 403 916 674 964
112 272 911 347 523 757 497
113 712 772 781 543 606 501
114 148 846 743 460 379 516 856 726 337 194 114 155
115 967 408 878 266 158 192 336 355 907
116 941 147 156 415 818 224
117 169 816 829 248 297
118 471 783 181 226 507 936
119 365 779 455 983 799
120 778 315 964 366 626
121 947 180 866 729 788
122 258 644 418 327 719 257
123 601 385 514 390 786 297 988
124 719 786 576 749 497 613 396 789
125 778 366 674 992
126 265 917 424 981 219 652
127 295 581 531 336 355 356
128 570 725 205 262 275 539 942 867
129 399 324 897 857 833 520
130 391 909 777 130 426 878 421 536 412 804 836 428 263 306 823 650 346 926 197 329 307 689 174 419 491
131 817 474 953 864 466 954 895 687 183 854
132 177 427 611 883 388 812 720 998
133 963 305 282 806 978 774 876 133 535 285
134 753 192 568 356 661 905 861 746 531 355
135 984 640 391 649 290 777 823 878 536 965 353 412 306 263 804 242 135 421 750 915 329 926 650 491 836 859 909 221 838 419 197 239
136 470 469 250 519 917 654
137 898 260 139 674 521 658 508
138 513 423 218 259 690 584 830 592 397 279 185 543
139 898 260 521 403 143 658 930 853 508
140 440 530 289 913 650 680 482
141 179 261 511 979 706 844 149 918 874 751
142 788 787 996 343 976 703 663 966 718 210 211
143 793 153 143 273 853 175 927 438 299 288 446 381 930 658 898 521 713 504 540 231 248
144 532 951 654 480 443 448
145 416 994 613 766 576 786 300 394 749 228 921 223 283 871 652 497 753 952 316 988 618
146 554 191 157 801 578 146 405 420 270 855 928 652 919 802
147 156 148 478 799
148 211 707 818 799 583
149 407 208 152 790
150 396 150 970 182 735 431 302 281 573 275 940
151 736 797 699 269 151 865
152 394 749 688 297 615
153 800 521 157 540 175
154 820 897 399 324 525 857 520 833 594 296 415 440
155 911 278 523 524 779 835 232
156 156 415 818 707 799
157 656 578 710 928 536 586
158 791 862 571 630 482 568 266 750 861 351 355
159 246 465 159 676 212 610 945 452 947 264 301 180 311
160 597 924 828 160 414 660 758 382 549 231 472
161 686 349 190 849 961 435 318 873 983
162 398 788 671 663 333 718 210 385
163 989 716 834 811 327 348 256
164 904 274 534 667 413 527 627
165 923 686 190 987 677 732 683 464 458 763 417 957 318 340 868
166 203 973 289 401 913 774 440
167 607 860 261 167 986 485 692 307 179 706 467 751 341
168 769 522 908 887 888
169 218 775 410 320 816 444 169 659 232 429
170 579 811 989 170
171 345 709 314 344 204 827 987 181 952 487 234
172 907 523 278 911 602 749 232
173 772 781 672 201 216 222 501
174 683 349 429 987 487 340
175 260 521 713 898 504 793 540 930 175 288 381 508 273 759 244 836
176 608 653 665 812 999 357
177 835 312 722 935 436 231 456
178 822 771 392 219
179 430 561 607 519 860 261 874 751 905 490 511
180 301 945 947 433 339 545 676 809 610 842 481 236 765 937 364 700 730 452 569 694 338 212 330 670 370 491 311 650
181 416 593 344 985 314 368 827 226 880 843 487 507 711 952 489 754 709 756 783 821 813 739 956 181 715 373 323 877 395 234 225 206 634 442 480 263 870 791
182 396 275 293 934 431 987
183 294 556 864 902 459 636 854 461 466 687 256 352 881 766 475
184 837 646 657 933 254 255
185 397 279 992 365 488 939 564 553 886 493 737 394
186 904 456 506 824 441 257
187 798 817 929 187 560 447 709
188 938 946 619 738 439 352 319 227 492 294 556 256 698 636 734 767 291 687 555 605 858 493
189 401 941 203 334 712 359
190 361 386 684 434 349
191 776 919 420 656 802 928 710 586 405 801 920 381
192 266 791 873 571 356 630 590 614 499 905 333 336
193 798 550 447 597 295 820 786 419
194 730 546 726 515 598 376
195 697 507 557 268 500 214 847 215
196 985 533 958 572 969 740 567 391 332 745 494
197 650 419 306 909 346 290 428 836 421 491 870 353
198 929 550 295 817 433
199 942 653 247 450 357 998 742 201 720
200 773 453 609 383 934 332 494 243 629
201 653 812 427 345 999 357
202 279 918 706 519 261 682 675 751 984
203 335 913 401 309 520 600
204 416 323 314 634 484 487 234 732
205 539 942 287 262 389 570 652 503
206 821 314 709 550
207 533 383 645 969 629 567 609 392 977
208 234 751 670 790 704 702 909 475
209 230 574 454 537 209 967 428 628
210 906 788 210 966 343 529 641 601 718 971 721 505 920 211
211 788 211 663 742 996 343 641
212 670 937 809 947 311 365 364
213 743 975 789 369
214 929 838 449 597 317
215 338 268 326 304 215
216 388 501 810 772 621 803 378 370 605 224 350 284 239 515 543 784 216 672 674 231 536
217 918 548 558 960 307 860 926 751 401
218 397 279 831 992 510 820 737
219 265 606
220 574 959 454 468 728 477 548
221 875 279 276 670
222 784 543 388 666 249 239 702 501
223 582 652 988 708
224 347 781 543 810 606 238 224 908 501
225 323 468 353
226 395 416 709 698 487 507
227 690 400 264 472 352 465
228 394 921 688 582 988
229 933 344 265 917 981 337
230 780 908 400 887 591
231 775 608 482
232 899 523 779 272 244 483 496 840 997
233 735 456 509 506 975
234 821 487 952 754 395 813 739 711 344 345 634 489 985 416 783 756 490 877 507
235 262 539 551 942 725 631
236 602 545 947 729
237 791 355 356 237 266 518
238 929 515 772 388 784 816 501
239 772 666 501
240 317 369 970
241 811 640 263 419 491 926 536 859 777
242 650 419 306 491 391 823 459 863
243 332 596 383 913
244 648 526 278 602 347 293
245 978 282 963 662 245 639 836
246 937 301 689 571
247 653 997 999 357 448
248 642 778 914 674 964 334
249 749 781 406
250 684 785 333
251 327 587 358 409 848 251 528 954 788
252 420 460 724 371 376
253 539 942 495 676 351
254 410 795 678 320 892 898 580
255 321 819 837 933 255 646 419
256 563 938 619 864 556 946 948 767
257 257 736 699 755 800 797 771 269 379
258 528 418 731 723 479 666 848
259 513 303 886 697 555 397 279 822 588 737 785
260 504 927 381 793 540 759 508 987 521
261 986 918 561 607 394 751 390
262 744 495 570 681 287 761 551 942 947
263 859 634 649 412 823 491 750
264 948 619 703 492 953 995 767 556 859 734 493
265 470 392 762 991 917 981 727 265 455
266 571 590 661 531 791 873 848 336
267 841 943 475 380
268 989 500 268 437 552 560
269 581 800 699 269 736 755 295 797
270 586 405 710 575 554 270 920 978 567 766
271 623 725 631 271 524 539 942 686 515 852
272 648 907 496 524 322 347 526 768 362 483 777 382
273 464 898 521 748 288 930
274 400 908 891 904 625 888 311 355
275 405 970 940 573 396 313 302 281 345 371
276 503 772 781 605 378 672 628 792 501
277 559 566 951 903 503 931
278 907 632 840 635 744 278 483 768 668
279 397 851 488 498 980 955 584 820 555 992 423 510 717 691 879 690 993 822 588 701 303 365 279 553 939 737 886 564 830 697 881 983
280 660 382 280 549 758 925 414 924 953 443
281 731 736 396 934 512 293 940 573 708
282 384 535 806 774 744 978 962
283 849 514 390 786 297
284 515 378 672 787 606 501
285 806 639 695 774 826 978
286 564 760 308 696 962 292 580 944 733 747 356
287 539 681 867 389 339 942 367
288 521 403
289 401 941 440 973 600 359
290 909 353 536 915 306
291 715 946 698 864 319 352 459 948 493
292 962 944 696 292 747 801 760
293 940 432 396 293 302 573 431 708
294 869 457 953 738 636 767 703 461 949 493 472 954 649 556 948
295 449 798 838
296 324 399 592 833 857
297 786 385 994 316 576 988 612 615
298 939 384 651 662 741 963 978
299 539 521 930 508 299 565
300 752 786 618 680 316 615
301 670 465 937 339 433 591 809 301 842 692 730 481 330 478 593 446 689 947 311 729
302 934 617 431 313 573
303 513 397 879 555 623 737 899
304 365 500 435 847
305 721 384 774 662
306 325 521 491
307 519 918 635 844 599 490 751 508
308 434 944 804
309 440 973 680 712 941 374 600
310 829 935 410 657 312
311 487 979 945 947 676 433 569 689 692 481 866 463 545 700 765 330 339 452 465 338 670 677 910
312 775 829 337 478
313 396 934 724
314 406 597 487 507 915
315 775 778 914 541 422 400 366
316 390 786 766 603 612 582 648
317 975 789 317 693
318 386 936 972 732 677 349 684 884 685 476 686 464 868 577 763 318 340 617 429 915 997 747 961
319 386 427 938 946 472
320 436 816 562
321 518 933 411 869 819
322 648 899 907 322 779 635 362 961 632
323 395 416 373 917 593 985 487 756 507 960
324 897 324 520 857 594 457 578 516
325 650 419 932 410 491
326 725 557 437 847 500 784
327 644 418 731 912 895 354 528 869 616 965
328 981 832 453
329 391 650 777 817
330 447 689 947 700 765 694 676 478 330 778
331 784 331 542 966 975 789 486
332 794 572 453 969 596 773 958 451 740 845 609 375 629 595 494 620 445 633 637 332 493 993
333 544 945
334 559 815 968
335 647 782 659 342 471
336 791 571 746 753 336 905
337 527 681 516 808 598 372
338 947 676 478 866 364
339 880 676 947 729
340 406 386 677 464 987 362 349
341 771 917 544 762 727
342 647 807 782 637
343 788 484 674
344 406 416 709 487
345 416 709 843 985 487 754 514
346 795 650 932 891
347 524 523 526 347 779 911 496 894 362 947 632 782 376
348 814 348 796 805
349 604 682 700 386 936 464 458 476 617 683 435 417 868 349 923 577 849 732 507 634 470
350 522 490 784 792 810 388 772 730 501
351 692 791
352 687 948 954 472 493
353 649 878
354 644 418 585 731 667 375 536
355 881 791 950 905 630 746 590 753 499 482 465
356 746 614 459
357 653 665 812 607
358 912 848 875 535 361
359 401 600 439
360 512 769 904 400 667 865 888 642
361 912 587 517
362 524 779 805
363 646 579 363 716 695
364 993 947 433 922
365 397 737 717 377 553 555 993 588 564 831 879 939 498 830
366 900 778 624 916 403 374 964 757 367 752
367 655 650 491 915
368 395 416 487 507
369 657 975 789
370 784 606 501
371 936 546 724 583 664 726 770
372 460 846 856 473 516 376
373 406 715 595 889
374 541 623
375 655 567 889 969 620 633 572 645
376 516 460 726 546 808
377 397 690 980 781
378 515 781 792
379 901 598 379 748 743 870 770
380 647 402 471 796 814 817
381 521 658 853
382 925 924
383 794 572 982
384 978 695 963 876 774 408 535 651 384 662
385 613 643 688 786
386 476 923 763 458 732 677 936 386 972 685 435 577 961 617 429 434 683 477 584 417
387 760 962 552 696 656
388 777 772 933 781 784 792 543 501
389 893 539 681 942 450 725
390 514 643 871 612 582 603
391 536 446 650 673 932 823
392 685 662 517 764 785 470 469 843 424
393 970 771 393 470 714 917
394 528 786 615
395 813 442 634 507 821 739 489 783 406 487
396 717 970 432 940 708 531 934 735
397 513 939 831 830 498 737 980 553 879 555 697 993 851 584 955 588 820 564 510 423 397 691 701 488 822 605 954 658 523
398 906 966 663 601 529 721 976 718 788
399 897 833 520 525 594 592
400 522 413 904 769 891 888
401 712 401 680
402 782 402 694 796 421
403 642 964 752 404 900 541
404 539 642 778 916 752
405 776 586 920 801 575 919
406 985 416 709 487
407 407 565 790 841 746
408 662 876 774 978 890
409 731 869 462 895 457 418 714 848
410 775 436 643 546
411 837 518 657 819
412 426 828 491
413 522 413 887 453
414 924 925 949
415 887 455 983 799
416 827 783 956 880 715 821 507 756 416 952 985 593 544 709
417 617 686 677 527 936 868
418 839 418 875 741 848 603 587 723 731 911 799
419 640 649 650 426 878 836 804 932 428 915 859 536 875
420 656 919 586 554 575
421 640 836 493
422 723 642 900 778 519 752 660
423 488 830 555 564 557
424 785 517 974 424 850 469 872 727 470 991 764 544 459 438
425 904 865 891 538 887 888
426 680 650 600 823 965 491 750
427 570 450 997 998 665 999
428 545 640 649 777 909
429 884 458 987 577
430 675 519 706 844 599 511
431 834 708 432 855 573 473
432 940 698 978
433 670 937 947
434 849 464 987 868
435 980 936 476 751 961 464
436 935 608 444 892 835 825 436 897 910 586
437 560 963
438 814 898 521 540 964 713 508
439 687 703 761 854
440 680 973
441 518 456 852
442 956 827 711 768
443 443 968 532 538 589 815 669 448
444 795 765 937 772
445 794 567 451 832 520 629
446 898 521 658 566
447 929 550 716
448 532 922 669
449 798 550
450 653 665 812 450 999
451 773 645 794 620 559 977 629
452 670 679 689 947
453 794 567 494 633 889 977 832 745 629 969 620 533 740
454 705 622 604 454 967 537 959 628 704 728 477 945
455 529 707 799
456 506 824 852
457 948 459 461 472 542
458 593 936 686 673
459 703 767 461 948 492 902 459 734
460 770 901 990 473 748 583 705 726
461 513 938 948 750 472 734
462 912 714 479 644 723 799 869 616
463 670 945 689 676 464
464 936 868 577 685 683 684 544
465 679 809 947
466 636 492 632 472 734 493
467 675 561 706 497 751
468 574 959 628 910 468 477 604
469 785 727 951
470 759
471 796 647
472 687 948 703 805 995 902 738 492 854 760 493
473 770 846 743 724 856
474 660 924 758 582
475 943 702
476 553 534 835 868 767
477 574 705 910 604 626 537 967 982
478 670 689 947 563 692 700 729 866 679 694 616
479 731 723 895 686
480 653 812 883 647 999
481 670 937 947 540
482 531 950 905 746
483 602 696 632
484 906 788 718 976 502
485 675 844 625 779 751 988
486 819 900 810 542 975 820
487 783 813 952 711 754 487 827 715 877 593 843 985 709 634 880 956 489 507 836 600 676
488 839 588 737 868
489 952 956 709 804 507 882
490 675 860 548 625 984 706
491 650 491 823 915 909 777 926 750 673 932 965 804 892
492 868 948 734
493 948 703 954 734 953 619 854 636 946 902 858 864 767 771 657
494 794 609 629
495 539 725 495 893 881 803
496 899 648 523 526 602 635
497 677 786 766
498 553 737 820 509 954
499 791 868 630
500 507
501 826 728 515 784 543 772 666 605 803 810 621 606 781 618 794 977 560
502 711 502 507
503 539 942 725
504 898 658 930 508
505 942 947 778
506 852 824 798
507 711 952 709 880 821 813 827 956 877 739 783 634 754 985 558
508 540 927 590
509
510 955 717 993 737 958
511 751 706 918 979 554
512 780 638 891 729 887 888
513 588 879 584 831 830 691 992 822 737 840 693
514 871 786 576 615
515 772 781 543 810
516 885 516 598 546
517 831 713 850 917 974
518 933 646 819
519 874 986 960 706 751
520 857 520 594 675 538
521 713 658 759 927 793 930 540 521 611 818
522 769 888 904 627 887
523 829 911 602 894 526
524 722 744 635 779
525 897 833 525
526 894 768 840 939 779
527 534 887
528 896 644 723 719 616
529 971 671 976 788
530 913 712 973 946
531 751 590 571 791 861 746 531 818
532 589 951 654 532 815
533 832 982 845 794 605
534 741 904 534 888
535 662 978 695 651 876 806 995 613
536 804
537 910 967 622 959 917 683 658
538 551 903 654 922
539 551 893 539 942 867 631 570 623 725 630
540 713 898
541 642 778 916 703 674
542 966 975
543 751 781 666 810 803
544 764 629
545 676 765 809 947 692 944
546 870 583 598 808 863 726
547 918 607 979 561 986 964 751 774 792
548 918 751 960 979 607 598
549 695 758 925 924 747
550 798 984 838
551 570 623 551 942 725
552 962 733 696 944
553 690 830 939 822
554 928 919 554 734
555 754 939 955 922
556 946 902 610 948 703 734
557 560
558 734 706 844 599 751
559 903 922 589 985
560 560
561 682 984 760 874 751
562 907 642 778 964 832
563 809 947 694 729
564 822 717 737
565 641 841 704 702
566 922 968
567 645 655 889 629 633
568 627 568 630
569 670 689 947 951 729
570 942 725
571 791 861
572 620 958 954
573 708 652
574 910 622 728 967 705 626 966 628
575 776 860 855 708
576 612 576 832 613 698
577 923 861 849 868
578 920 855
579 834 811 826 716 579
580 760 733 962 580
581 800 797 581
582 786 618
583 705 794 726 724
584 691 641 980 737
585 839 731 644 714 848
586 928 801
587 731 714 630 875
588 831 955 820 737
589 903 922 931
590 672
591 670 947 700 730
592 897 871 594
593 709
594 833 668 807 762
595 655 645 595 907 982
596 934 794 740 932 620
597 838 929
598 724 668 885 863
599 625 874 777 751
600 725 913 941 680 920
601 718 787 974
602 602 768 894
603 618 622 615
604 628 604 705 626
605 947 772
606 784 792 666 810
607 740 751
608 775 825
609 769 645 794
610 937 947 729 803
611 812 937
612 786 958
613 851 688
614 756 791 950 652 630
615 652 921 615
616 723 644 869 616 896 617 992
617 849
618 982 921 844
619 938 948
620 982 794
621 781 784 810
622 910 705 628
623 942 725
624 642 778 674 808
625 918 706 751
626 705 728 628
627 769
628 728 753
629 794 745 645 958 655 633 773 859 787 905
630 950 862 753 630
631 942 822 893
632 654
633 773 633
634 813 709 637
635 744 776
636 656 745 902 734
637 794 977
638 780 887 681
639 651 662 806 890 691
640 859 804 750 650 836
641 996 788 742
642 914 778 900
643 994 643 873 688
644 848 731 912 644 839 869 875
645 745 832 794 969
646 657 819 933 948
647 782 659 867 796
648 907 911
649 673 650 804 859 666
650 836 926 714
651 695 978
652 921 687 846
653 751 812 883 720 665 653 998
654 951 815 931
655 977 794 958 901
656 776 710 801
657 819 786
658 898 658
659 782 925 796 807
660 969
661 853 794 861
662 876 774 978 890 963 806
663 788 718 906 705 671
664 896 808 664 813 726
665 812 920
666 772 781 784 810
667 908 667 823
668 748 761 817 726 856
669 783 733 951 968
670 866 670 937 947
671 788 906 754 721 742
672 772 781 672 792
673 673 932
674 991 900 778 914 752 964
675
676 730
677 677 868
678 892 816 722 845
679 679 753 937 947 692
680 941 726
681 942 725
682 893 918 844 751
683 855 684 987 732
684 936 923
685 892 936 732
686 936 849 884 987 930
687 902 995 948
688 786 749 724
689 945 694 911 947 730
690 879 717 737
691 939 768 737
692 947 866 791
693 834
694 937
695
696 944
697 820 992 737
698 767
699 800
700 947 809 937
701 701 980 820 717
702 943
703 902 995 767 805 734 938 703 855
704 943 790 927 724
705 728 919
706 918 800 751
707 957 983 799
708
709 843 880 756 739 763
710 776 977 942
711 821 985
712 913 973
713
714 735 947
715 783
716 834 826 716 989
717 831 992 822 886 820 993 851 879 737
718 835 721 742
719 896 741 729
720 747 998
721 788
722 816 892
723 723 921
724 761 743
725 942 881 867 725
726 885 856 748 808
727 961 917 974
728 967 910
729 947
730 947 842
731 848 839 741 869
732 936
733 917 962
734 742 948 954 938 949 738 799
735 918 934
736
737 939 831 980 820 830 737 822 814 846
738 796
739
740 833 794 746
741 869 952 773
742 788 787
743 885
744 899
745 794
746
747 798 956 903
748 770 933
749 913 786
750 777 823 984
751 960 918 751 860 844 874 979
752 778
753 862
754 877 934 978 812
755
756
757 827 778
758 828
759
760 962 958 944
761 901
762
763 961 849 868
764 981 932
765 813 947 990
766 766 988
767
768 840 899 779 907
769 908 887 802 781 862
770 901
771 843 771 974 872
772 803 772 784
773 794 832
774 788
775 835 935
776 920 801 855
777
778 900 914 916 964 778 880
779
780 887 806
781 797 784 803 781 810 936 792
782 796
783 838
784 810
785 828
786 935 786
787 906 788 977
788 996 966 906 976 788 971 884
789 975 789
790 905
791 857 861 950 791 862 882 815
792 837 803 810 858
793 959 949 853
794 969 889 982
795 816 825
796 807 814 796
797 800 923
798 929
799 818 957 983
800 800
801 919 928 802 822
802 920 855
803
804
805 949 864
806 978 890
807 814
808 856 846
809 926 947 842
810 810 886
811 989 826
812 883 999
813 985
814
815 931 930
816 935 816 829 843
817 838
818
819 837
820 886 992 851 859
821 956 829
822 993 955
823 932
824 824 861
825 936
826
827 952 874
828
829 916
830
831 993 851 877
832 845
833
834 989
835
836
837 837 933
838 929
839 896 895
840 899
841 943
842 947
843 952
844 918 860
845 966
846 953 870 990
847 853
848 869
849 936 923 868
850 865 917 974
851
852
853
854 948
855 855
856 903
857 897 948
858 902 946
859
860 918 960
861 862 950
862
863 926
864 902 938 948
865 887
866 947 866
867 942 893 869
868 961 972 868 884 936
869 875
870
871 877
872
873 905
874
875 912
876 978
877
878
879
880
881
882 924
883 883
884 936
885 949
886
887 908 994 914
888 891 979
889
890 978 949
891
892 892
893 942
894 983
895 896
896
897 897
898 927
899 911
900
901
902 902 938 948
903 951 922
904 950
905
906 906 976 996 971 935
907 907
908
909 915
910 967 910 959
911
912
913
914
915 998
916
917
918 984
919 920 928
920 928 993
921 938
922
923 936
924 963
925
926 965
927
928 958
929 929
930
931 951 958
932 965
933
934 970 940
935
936 936
937 947
938 949 954 946
939 980
940 940
941
942 942
943 943
944 944
945 947
946 948
947 947
948 948 953
949
950
951
952
953
954
955 999
956
957
958 958
959
960
961
962
963 978
964
965
966
967
968 968
969
970
971
972
973
974
975 975
976
977
978
979 986
980
981
982
983
984
985
986
987
988
989 989
990
991
992
993
994
995
996
997 999
998
999 999
