#/Users/georgiabaltsou/Desktop/PhD/Local_exp/script.py
# GMT Wed May 22 12:13:52 2019
# 
0 203 691 759 319 314 308 178 19 994 168
1 444 756 633 202 613 428 211 734 94
2 331 513 496 544 21 906
3 421 826 320 994 236 308 319 974 338
4 899 135 963 57 724 741 677 186 763 367 577 911 116 170
5 84 196 271 170 155 330 231 948 303
6 791 881 419 61 283 953
7 129 624 790 140 345 493 123 797 255 658 165 377 783
8 903 309 806 403 792 98 755
9 227 216 555 570 487 405 632
10 385 430 324 768 690 395 22 292 569 885
11 262 299 389 397 108 13 157
12 244 321 985 460 733 212 742 870 871 785 709 465 596 648
13 263 397 269 708 208 157
14 908 103 976 998 949 989
15 256 63 27 109 424 195 262 913 237 793
16 846 758 549 536 726 340 435 979 864 77
17 67 608 620 437 955 152 918 921 165
18 178 117 75 35 365 557 803 962 678 679 887 78 800 166 423 52 458 224 358 115 467 799 578 282 994 210
19 828 759 738 71 175 308 319
20 765 783 401 251 597 241 544 496 375 890 590 845 440
21 626 517 332 728 416 42 81 490
22 768 395 653 567 292 569 885 585
23 901 390 970 599 476 605 242 536 967 961 340 398 844 666 979 987
24 159 393 414 200 169 413 43 778 478
25 36 384 904 939 787 210 293 938 693 238 499 966
26 407 534 508 136 825 165 192 31 295
27 195 913 187 63 205 256 181 587
28 411 984 171 889 912
29 660 222 813 85
30 406 773 190 652 771 248 592 796 593
31 655 534 136 701 689 295 825 315
32 768 653 554 141 292 576 324 287 395 111 261 569 368 385 430 769 245 595
33 662 267 976 998 710 908 254 263 164 244
34 162 465 127 470 221 628 212 753 460 587 381 596 537 870 99 357 785 415 830 265 709 999 717 809 46 83 704 742 322
35 224 954 840 178 73 825 166 680 557 467 342 943 443 472 343
36 521 527 412 400 757 853 232 489
37 841 110 260 781 39 830 174 501
38 902 957 586 394 899 382 247 229 595 677 879 625 940 939 186 963 724 116 73 270 386
39 260 531 439 665 829 711 246
40 930 139 579 347 958 826 685 943 443 79 854 118 903
41 413 847 146 417 646 123 812
42 676 894 674 860 517 55 81 744 754 728 477 58 89 735 867 743
43 394 916 414 420 944 637 240 820
44 660 536 257 268 789 815 565 694 311 59 96
45 461 910 220 95 252 458 750 818 567
46 779 810 636 160 971 475 811 234 673 220 562 446 834 112
47 393 526 916 125 767 586 200 901
48 898 969 663 820 670 535 509 883
49 300 716 792 922 926 806 256 755
50 908 429 410 103 122 710 164 998 560 254
51 517 307 973 754 795 832 55 490 892
52 557 90 342 349 418 423 962 800 679 954 117 224 678 365 166 115 458 887 178 803 680 272 185 964 840
53 557 629 542 943 948 858 731 339 705 911 443 79
54 560 528 925 990 534 473
55 517 894 277 795 822 934 995 456 732 831 973 743 126
56 946 780 716 113 588 82 947 874 792
57 902 142 911 354 488 247 601 923 724 879
58 63 344 604 566 978 665 956 108 852 72 712 866 497 709
59 497 257 815 311 789 96 191 104 552 336 565 707 185 709 526 65
60 752 532 83 62 510
61 551 894 648 791 249 764 503 362
62 391 77 472 322 719 718 387 464 480 83 392 580 302 92 435 748 576 616
63 195 187 913
64 462 207 167 100 983
65 854 533 815 311 257 179 789 694 895 527
66 698 550 348 519 400 848 379 572
67 281 918 880 912 514 921 955 814 519 121
68 174 779 875 714 112 312 218 617 234
69 674 655 534 692 132 341
70 619 959 978 832 733 720 344 866 497
71 134 260 656 824 327 638 829 639 371 711 439 807 298 501 174 570 715 246 492
72 310 900 720 471 956 334 204 344 866 823
73 418 421 557 721
74 746 199 306 606 642 525 798 671
75 557 964 365 423 665 358
76 659 674 822 973 133 996 671 672 481 100
77 580 92 718 132 480 556 719 441 502 391 343 83 472 387 464 982 884
78 679 557 178 166 941 467 342 537
79 172 685 948 823 301 816 766 877 705 802 731 858 617 622 481 223 943 139 245 362 579 347 355 591 842 958 473 161 612 339 687 443 154 201 102 255 319 478 278
80 448 847 417 217 153 146 603 233 812
81 674 888 126 602 871 249
82 808 780 782 941 113 716 118 403
83 187 361 692 556 302 322 580 343
84 901 844 723 967 599 864 100 830
85 95 703 149 697 222 963
86 436 282 284 373 294 729 582 409 805
87 308 855 338 361 235 759 627 299 826 314 706 994
88 277 674 831 837 477 594
89 797 795 860 408
90 421 557 721 342 136
91 691 97 184 204 518 447 214
92 132 392 580 719
93 129 790 624 345 667 486 377 506 123 255 97
94 932 206 211 734 479 924 328 396 133
95 461 859 567 220 818 252 548 750 507 447 287 106 623
96 416 929 815 565 635 482
97 665 182 978 604 471 866 646
98 913 465 792 865 309 403 119 696 922 793 806 871 634 903 278 917 926 492 484 893 623 286 775 852 918 755
99 265 537 192 709 465 596 742
100 987 864 351
101 788 688 148 512 304 746 631 490
102 172 685 943 948 591 301 600 842 359
103 267 662 786
104 789 815 819 565 268 573 106
105 310 448 832 331 850 497 952 325
106 268 929 815 311 707 431 233 598
107 147 176 700 615 851 194 862 585 770 177 209 504 298
108 900 956 959 720 752 497
109 256 262 424 759 766
110 646 847 417
111 370 768 395 668
112 735 743 779 915 681 810 875 213 230 422 562 218 449 611 673 835 297 475 747 234 312 359 325 714 971 160 907 636 144 870 645
113 197 839 593 874
114 897 570 583 609 363 727 900 319
115 721 140
116 899 459 724 394 247 382 367 364 808 142 725 354 879 625 868 677 911 741 225 586 685 727 891 763 258
117 803 421 680 557 721 342
118 780 941 618 603
119 926 755 871 304
120 308 521 668 527 391
121 562 392 322 719
122 410 710 468 760
123 140 658 624 520 289 739 610 255
124 384 919 938 939 499 231
125 669 393 200 420 544
126 659 831 973 360 743 277 607 822 602 735 680 785
127 216 265 785 537 321 465 742 870
128 348 519 379 572 418 641 848 698
129 493 345 255 797 737 520 790 377 506 450
130 635 137 564 642 905 218 388 801 804 563
131 523 644 505 931 364 651 280 408 222
132 785 718 502 334 748 556 391 322 856 302 441 580 719 849
133 516 852 529 478 669 968 813
134 264 801 647 650 563 498
135 643 142 225 879 625 808 690 677 186 459 724 382
136 689 692 508 655 825 165 295 701
137 296 362 650 498 252
138 836 462 695 648 553
139 339 172 672 802 674 685 948 443 336
140 520 493 345 790 255
141 308 768 395 324 177 287 292
142 364 229 305 247 643 902 594 601 514 677 683 724 225 879 382
143 516 478 619 682 197 852
144 650 936 257 843 273 929 552 694 765
145 942 444 346 168 617 163 427
146 962 847 748 407 217 603 417
147 176 615 341 189 851 862 313 386 504 879 585
148 518 318 666 274 946 846 551 856 541 315 799 296 560 688 573 631 489
149 660 697 955 693
150 304 560 869 543 758 158 946 688 846 631
151 196 214 540 177
152 489 389 263 208 157 269 397 775 514
153 388 646 847 407 844
154 998 672 161 355 830 685 481
155 443 196 524 330 272 271 303 353
156 644 523 258 651 408 760 180 183 774 838 173 931 758 280 316 621 977 505 599
157 389 269 208 547 397 263 586
158 863 737 512 304 198 631 740 494 666 274 820 688
159 451 912 918 281 620 955
160 521 384 704 779 907 297 259 446 834
161 542 347 685 943 948 443 481
162 785 587 830 742 374 865 192 709 596
163 836 427 949 181 882 684 434 942 453 168 661 346 646 185 291
164 680 662 267 477 429 997 998
165 635 538 825 295 701
166 349 458 178 680 308 679 557 964 467 674 889
167 225 285 462 935 559 861 983 988 353 989 387
168 661 444 346 949 427
169 360 916 413 200 657 240
170 330 231 540 196
171 512 333 411 660 445
172 219 223 802 617 542 301 687 986 685 948 481
173 408 523 589 258 644 505 316 651 760 772 931 564 315
174 260 638 814 288 371 236 829 433 246 824 550
175 930 738 630 190 308 314 855 235 511
176 770 337 536 700 209
177 297 386 933 781 821 700
178 800 421 557 356
179 945 257 815 952 621 233 527 565
180 678 258 644 772 589 781
181 291 427 504 675
182 416 497 184 614 310 832
183 258 774 316 405
184 486 665 566 310 359 344 947 733
185 929 565 715 621 482 552 936 431 789 405 286
186 911 677 488 957 899 715 724 879 363 548
187 195 262
188 274 561 666 788 614 541 362 846 740 746 631 441
189 246 777 933 194 690 770 337 851 862 950 700 571 504 947
190 652 796 592 550
191 774 884 929 815 565
192 999 717 733 773 709 596 470 742
193 963 740 445 984 552 411
194 305 514 386 950 700
195 913 200 205 424
196 540 271 272 524 981 214 303
197 941 874 690 716 873 898
198 869 817 356 390 846
199 954 525 568 749 649 800 606
200 393 944 767 916 801
201 685 948 347 877 802 510 537 933
202 645 932 328 279 972 857 479
203 299 308 320 828 630 994 250 875
204 667 956 866 809 497
205 459 262 350 426
206 645 924 396 801 734 794
207 219 935 553 695
208 397 547 389 263 775 290 269 539
209 514 933 966 507
210 260 656 578 807 533 485 246
211 932 613 645 396 328 972 840 857 734
212 785 537 830 596 742 999
213 779 681 810 562 230 403 234 391
214 673 732 272 540 330 353
215 276 841 727 363 920 227 487 808 571 445
216 920 632 570 609
217 407 646 797 417 812 357
218 681 810 834
219 685 943 816 443
220 910 859 252 316 567
221 785 321 709 596 271
222 894 454 703 660 574 697 813
223 685 943 948 443 714
224 679 557 954 812 943
225 677 594 724 879 382
226 683 724 725 594 911 374 656
227 555 945 982 629
228 390 979 726 987 864 637 372 723 340 605 970 312 751
229 899 683 940 963 643 431 879
230 764 779 915 675 681 562 834 325 234 875 862
231 725 826 330 353 303
232 456 521 853 757 426 400 334 489 804 510
233 257 929 815 565 442
234 779 681 834 714 449 673 907 359 636 675 562 312 422 971 428 611 835 425 810 811 237 604 634 572
235 994 338 511 630 845 742
236 706 352 578 807 501 933 809 317
237 779 681 810 425 325
238 724 384 495 904 432 722 919 645
239 275 406 853 489 380 757 426 527 521 866
240 916 786 803
241 961 906 401 794 440 375 544 597 251 571
242 390 844 987 684
243 768 395 569 885 270 653 556
244 662 998 976 908 254
245 685 943 948 823 421 719
246 395 260 781 827 829 501 533 616 711 814 352 807 713 371 329 884
247 683 586 724 879 978
248 817 773 652 266 758
249 323 648 419 881
250 930 299 828 319 759 511
251 906 401 513 597 994
252 688 461 548 818 447
253 940 965 457 528 469
254 998 997 551
255 289 739 486 790 797 658 493 506 497
256 664 350 383
257 715 821 789 815 565
258 774 523 644 326
259 404 698 545 889
260 713 711 352 578 371 329 807 781 533 439 639 616 706 298 709 481 266 501
261 768 653 270 430 942 292 885
262 350 424
263 595 550 397 290
264 948 905 647 388 694 650 498
265 717 745 381 587 418 785 537 321 709 596 733 742 999
266 746 741 796
267 468 976 710 822
268 552 715 765 565 843 311 929 751 815 893
269 981 389 775 547 397
270 289 768 769 576 885
271 330 524 303 353
272 661 303 524 540 738 353
273 291 898 969 820 413 535 663
274 746 657 856 666 531 539 923 560 561 688
275 521 426 380 853 788 406 489
276 897 487 945 755 920 681
277 627 977 477 744 626 809 837
278 917 903 484 950
279 878 894 607 977 735 490 655 674 822 728
280 644 651 968 948
281 918 912 608 955 451 921 880 620 435
282 654 335 729 436 405 284 559
283 382 874 403 480 286
284 335 405 729 523 294 432 455 779
285 553 983 559 833 695 448
286 792 917 484 755
287 385 885 704 569 359
288 879 760 656 639 371 807 814 638 719
289 506 739 658 624 377
290 527 775 547
291 960 949 427 942 346 849
292 768 769 385 569 366 368 835
293 384 904 919 823 495 499
294 405 409 729 440 572
295 655 534 508 315 692 825 689 904 701 419
296 512 539 923 981 846 740 746 631
297 681 971 875 449 562 325 696
298 763 987 638 980 827
299 338 511 582 691 308 319 320 994
300 659 934 674 517 735
301 802 685 542 441 948 591 545
302 395 387 719 598 499 580
303 330 540 353 963
304 399 657 318 558 563 631
305 643 394 677 683 724 879 382 581
306 994 606 671 749 986 657 687
307 626 860 837 332 475 822 438 735 995
308 369 738 361 691 828 314 319 855 759 826 320 974 980 975 799 582 994
309 903 403 792 623 893 900
310 667 604 712 566 956 331 390 471 782
311 929 552 815 789 431 715 685
312 756 779 675 810 428 702
313 457 742 514 933 700 575 851 761 581
314 342 319 826 582 730 930 759 699 994
315 655 692 701
316 774 651
317 326 503 791 648 953
318 518 560 799 370 746 494
319 930 627 369 980 855 993 974 582 958
320 725 974 975 994
321 999 830 381 460 415 985 733 785 628 709 753 374 717 603 565 596
322 634 464 556 510 502 718 435 849 719
323 326 405 648 953 881
324 570 768 385 653 983 366 885 881 815
325 864 779 810 686 834 475 907 915 681 673 425 835 562
326 503 648 953 881
327 814 706 485 985
328 645 932 396 734 766 756
329 656 827 371 616 946
330 517 607 989
331 959 956 471
332 934 831 490 962
333 800 972 984 976 411
334 838 580 982
335 654 373 928 405 729
336 697 929 815 422
337 574 514 790 845
338 826 974 738 980 855 914 993
339 910 802 685 948 443 600 786
340 640 390 961 967 979 726 987 751
341 386 933 950 581 770
342 879 557 800 458 365 423 349 679 840 680 964 467 803 721 887 818 358
343 464 510 480 441
344 667 416 978 604 665 566 497 866 471 900 934 440
345 790 624 902 429
346 444 924
347 943 948 766
348 662 452 519 432 698 572
349 800 418 557
350 913 709
351 995 567 390 398 844 665
352 533 713 656 573 639
353 524
354 677 724 725 586 940 632 879 382 986 491
355 685 943 816 823 443 481 473 566
356 543 817 494 869 631
357 785 537 596 742
358 800 421 678 557 964 680 992
359 468 422 562 834
360 894 795 995 618
361 855 994 730
362 685 948 443 481
363 727 897 632 629 929
364 683 724 459 616 879 771 950
365 679 557 641
366 768 653 368 769 576 430
367 643 683 724 879 382 520
368 916 768 769 395
369 691 994 907
370 466 469 928 457 951 990 523 378
371 533 501
372 390 723 726 987 751 509
373 729 405 997
374 785 709 596 742 870
375 513 906 401 440 496
376 659 456 795 995 474 888 598
377 790 797 493 624 520 814
378 390 987 864 961 599 463
379 519 550 914 536
380 521 406 853 489
381 787 809 709 742
382 808 683 963 724 879 595 899 488 677 741 459 433
383 937 839 593 874 618 500
384 432 938 886 495 722 787 919
385 768 769 554 653 550 395 861
386 938 770 950 514 732 585 577 966 615 571 581 504 851 538
387 899 441 502 718 719 580 435
388 955 905 498 564 883 563 711
389 657 816 929 397 547
390 640 463 637 476 726 987 398 901 967 884 864 876 499 857 961 979
391 683 768 532 480
392 441 532 580 630 719
393 868 878 778 767 414 413 787 786 420 870
394 899 724
395 768 653 430 569 704 554 576
396 666 645 491 932 734
397 775 547 490
398 640 901 864 822 987 751 884 621 597
399 740 543 688 680 558 746 631 827
400 583 521 489 668 412 621 695
401 783 590 513 546 838 440 496
402 511 934 521 668 489 556
403 408 917 893 484 492 696 903 755 806 836 792
404 596 984 411 545 445 483
405 654 645 805
406 489 426 527 412
407 646 847 812
408 774 838
409 729 417
410 662 710 747
411 445 889 984
412 521 668 757 622 960 853 489
413 526 767 414 786
414 526 916 515
415 624 537 470 733 596 877 709 742
416 665 448 900 959 471 831
417 603 847 812 855
418 800 803 557 542
419 578 881 764
420 778 526 786 767 527
421 557 423 476
422 673 636 810 681 834 708 875
423 803 964 686 557 973
424 913 579
425 810 562 673 573
426 521 888 960 853 489
427 942 949 453 434 684 836 661 444 882 433
428 810 915 864 611
429 976 908 468 997 779
430 768 896
431 552 815 819 968
432 919 495 787 499
433 533 764
434 557 661 684 949
435 532 556 768 719 849 510
436 654 805 439 773
437 977 451 921 608 955
438 822 626 872 463 651 552
439 612 807 786 827 694
440 565 496 794 597 590 890 836
441 775 532 598 580
442 929 815 895 455 565 952 939
443 840 685 687 600 766 515 731 702 823 816 481 842 705 877 802 579 542 801 847
444
445
446 681 834 810 978 875
447 964 548 567 750
448 712 471 850 604 497
449 779 915 673 681 810 834
450 512 788 946 657 631
451 912 955 934 918 921 880
452 904 641 848 630
453 661 836 684 819
454 574 813 703 814 660
455 647 936 565 715 694 482
456 822 831 735 995 490
457 856 530 466 784 928
458 557 838 983
459 683 601 724 879
460 685 809 709 465 596
461 818 507 855 910 859 548
462 935 638 983 989
463 967 726 588 723 864 751
464 993 580 719
465 537 709 809 717 870 830 596
466 990 892 925 907 469 951
467 679 840 954 557 680 803 887 956
468 679 908 710
469 528 925 928 771 805 640
470 785 537 709 587 596 830 600
471 828 665 956 566 797 497
472 742 719 510
473 685 943 948 762
474 894 934 728 867 888 902 743 776
475 789 681
476 536 726 961 864
477 894 674 973 735
478 516 968 909 669 676 722
479 645 932 734 857 800
480 580 922
481 685 943 947 731 766 705 802 791
482 699 929 936 815 715 493 621
483 945 841 610 629 515 596
484 784 818 770 903 696
485 639 824 710
486 790 624 797 937
487 897 920 945 681
488 899 677 683 963 724 879 685 600 500
489 527 668 521 757 960
490 795 934 659 626 822
491 932 857 633
492 917 792 926 755
493 911 790 739 624
494 946 688 846 746 981 541 560 543 718
495 832 631 939 904 693 722 787 919 500 499
496 794 544 583
497 850 604 712 752 566 667 665 959 978 720 900 754
498 635 883 643
499 594 904 939 722 983
500 522 780 874 873 937 762
501 827 774
502 879 631 530 532 510
503 739 970 648 791 953
504 770 777 700
505 774 523 669 948
506 520 658 790 699
507 750 818
508 959 534
509 563 969 535 820
510 556 719 982 849
511 994
512 846 584 863 573 657 965 631
513 728 597 544 914
514 581 615 851 732 571 862 575 723 959 933 700
515 947 672 835 685 943 948
516 968 522 676 909 619 734 852 682
517 878 735 626 674 973
518 666 746 737 551 558 587 573
519 795 848 698 914
520 790
521 668 527 757 853 960 647 652
522 968 682 909 619
523 644 774 838
524 540 566
525 860 649 671 606 986 605 875
526 630 944
527 960 668 853 824
528 928 990 892 951 788
529 968 909 676 706 852 669 921 642 848 698
530 974 720 784 990
531 656 827 942 706
532 611 976
533 638 807
534 655 927 538 973
535 898 670 952
536 901 864 844 751 917
537 785 830 809 628 985 742 761 709 596
538 655 927 689 939 692 825 701
539 666 573 737 988 799 946 561 688 631 686
540 566 748
541 740 863 551 893 560 946 688 965 746
542 877 948 958 731 612 685 943
543 981 584 785 846 631
544 906
545 984 889
546 584 906 783 794
547 775
548 859 750
549 994 776 876 751 678
550 848
551 788 817
552 815 565
553 989 562 559 861
554 768 653 704
555 664 920 610 583 765 791
556 718 719
557 679 964 678 962 680 840 954 887 721 803 800 706 573
558 981 737 817 787 688 991 631
559 861 695
560 799 863 965
561 737 869 843 846
562 944 907 810 636 675 673 971
563 642 650 804 883 896
564 939 802 896 680
565 929 895 843 707 694 765 701
566 900
567 751
568 649 798 606 986 758
569 741
570 945 609 629 727 807
571 933 966
572 641 698
573 923 702
574 703 660 697 622
575 923 700 740 581 862
576 768 835 885
577 991 777 700 996
578 706
579 685 943 948
580 598 719 748 606 928
581 770 690 851 821 966 585
582 855 759 630 893 994
583 920 609 727 632 780
584 688 817 631
585 690
586 724 879 928 868 912 924
587 702 709 596 742 870
588 782 612 873
589 644 772 931 979
590 668 906 922
591 685 948 958 601
592 771 652 773
593 782 618 634 874
594 677 683 868 724 639
595 677 643 957 724 763
596 839 785 809 709 830 733 717 745 753 742 761 628 870 804 941
597 906 890
598 785
599 961 876 979 987 864
600 685 943
601 808 683 724 879
602 730 674 831 895 886
603 847 812
604 864 866
605 776 979 726 864
606 649 986 798 749
607 674 837 894
608 912 918 628 829
609 920 610 900
610 727 841 920 835
611 779 681 810
612 685 948 842 705 806
613 932 857 734
614 657 817 688 856 740 631
615 915 933 966 777 735
616 781 824 827
617 943 948
618 716 874 780 941
619 909 669
620 921 865 943
621 929 815 819
622 685 943 948
623 667 792
624 790 739 658
625 902 683 940 724 879 885
626 837 743
627 855 994 690
628 958 809 709 733 870
629 920
630 855 994
631 923 788 737 991 863 869 799 980
632 920 786
633 924 932 734 726 685
634 793 922 871
635 650 647
636 779 875
637 844 979 726 864
638 656 827
639 827
640 901 844 776 967 987 864 751
641 698 848 914
642 896 905 650 804
643 724 922 879 999
644 931 886 651
645 972 673 932 734
646 847
647 905 804 650 801
648 881 764
649 671 986 798 749
650 896 905
651 931 838
652 771 891 773 796
653 768 745
654 713 729 805 927
655 692 689 701
656 781 824
657 869 799 846 746 700
658 739 958 790
659 699 744 996 754 837 872 692 674
660 703 701 810
661 882
662 976
663 969 845 898 670 971
664 913
665 832 955 667 956 752
666 688 863 946 846 746
667 832 720
668 960 853
669 968 909 676
670 898 845 888
671 749
672 685 943
673 779 681 810
674 837 743 996 728 973 992 744 795 754 831 722
675 779 907 747 810 834
676
677 868 879 683 911 836 876 724 725
678 679 721 962 680 964
679 680 803 964 840 800 962 987
680 962 721
681 788 779 714 747 811 971 835 907 875
682 852
683 940 724 741 911 698 725 879
684 949 836 837
685 802 948 705 958 842 877 687 858 702 854 731 943 947 901 927
686 779 810
687 877 842 948
688 799 746 981 946 923 869 740 965 991 788 863 846 811 693 825 708
689 969
690 777 700
691 730 826 828 974
692 927 825
693 799 787 886
694 790 929 815 819
695 833 983
696 893 903
697
698 848
699 894 996 926
700 950 770 821 732
701
702 802
703
704 768
705 943 948
706 827 824 927
707 864 929 765 936 989
708 779 915 834
709 745 753 809 985 761 785 999 742 717 830 797 836
710 925 976
711 781
712 752 720 778
713 807 995
714 915
715 789 929 815
716 941
717 785 742 787
718
719 748 982 849 949
720 956 866 752
721 954 962 887 800 841
722 904 939
723 967 844 884 736 987 864 751
724 808 911 957 725 963 763 868 741 899 902 879 738 870 728
725 902 879
726 967 864 736 964 987 751
727 920 813
728 744
729 805 952
730 930 975 855 994
731 968 943 948 823
732 777
733 785 809 742 821 755
734 972 758 756
735
736 859 967 987 864 884
737 817 846 812
738 826 994
739 790
740 923 965 846
741 902 911 879
742 785 830 753 870 745 809 761
743 878 754 872 894
744 894
745 872 834
746 981 817 788 869 863 991 979
747 956 779 834
748 792
749 986 795
750 818 859 815
751 776 970 864 987 884 967 876 844 854
752
753 777
754 894
755 903 792 926
756 972 932
757 853 943
758 774 760
759 855 994 822
760 996 772 838 931
761 785
762 782 874 941
763 963
764 791
765 815
766 943 823
767
768 769 885 882 953
769 942 990 885
770 933
771 850 796
772 774 846 838
773 891
774 838
775 819
776 970 864 961 987
777 975 851 904 821 966
778 916 786 944
779 915 907 971 811 875 835 997
780 782 937 941 874
781 827 814
782 839
783 906
784 925 990 951 892
785 809 999 870 830
786
787 904 919 938
788 923 965
789 843 936 929 815
790 797
791 953 881 906
792 932 865 926 922 793 893
793 858 864 922 806
794 890 906
795 894
796 891 925
797 992
798 986
799 967 891
800
801
802 943
803 835
804 896
805
806
807
808 879 846
809
810 907 971 834 875 811
811 915 834
812
813
814
815 952 936 819 929 895 843 923 950
816 943 823 858
817 846
818 910
819
820 969
821 933
822 992 860
823 897 943 948 958
824 941
825 927
826 993 980 975 994
827 829
828 855 994
829
830
831 973
832 850
833 935 983 880 982
834 915 849 875
835 907
836 949
837 888 977 946
838 931
839 941 874 873
840 954
841 897 920
842 948 978
843 929 971
844 931 961 884 901 883 979 987
845 909 898 969
846 946 863 923 965 914
847
848 914
849
850 956
851
852 909 932
853 960
854 943 948
855 980 990 994
856 869
857 924 958
858 943
859
860 996 995
861 935 983
862
863
864 920 987 979 884 876 970 967
865 922 926
866 978 985
867 995 934 888 872 947
868 879
869
870
871 926 929
872
873
874
875 988 907 990
876 987
877 943 948
878 894
879 940 899 902 963 911 935
880 918 921 912 955 946
881
882 942 949 984
883 896
884 979
885 977
886 904
887 954 964
888 894 973
889
890 906
891
892 928
893 948 903 917 926
894 977 992 996
895 929
896
897 920
898 969
899 940 949
900 957 959 978
901 961 979 987
902 928
903 917 926 922
904 939
905
906
907 936 945
908 918 984
909
910 997
911
912 921
913
914
915
916
917 922
918 921
919 939
920 945
921 955
922
923
924 932
925 951
926
927
928 956
929 952 949
930 993 980
931
932
933 950 972
934 995 973
935 988 989
936
937
938
939
940 957
941
942
943 948 947
944
945
946
947 948
948 958
949
950
951 976
952
953
954
955
956
957
958 990
959
960
961 970 987 979
962
963
964
965
966
967 987
968
969
970 987
971
972 987
973
974 994
975 994
976 997
977
978
979 987
980 994
981
982
983 989 988
984
985
986
987
988
989
990
991
992
993
994
995
996
997 998
998
999
