486 10 331 975 240 17 369 213 789 317 542
641 966 73 906 971 13 142 398 718 529 976 787 788 721 210 663 24 211 343 601 671 162 99 36 996 484 742
707 455 415 818 147 148 116 119 983 27 156 957 30 799
384 963 133 774 71 651 978 662 535 408 282 285 806 298 876 109 305 245 695 890 639
898 260 137 521 139 11 713 143 273 658 853 153 793 540 927 288 930 299 175 438 759 504 508 381 446
256 131 902 7 8 264 291 805 294 938 556 687 946 948 949 439 183 953 698 954 188 703 319 457 459 461 466 854 472 858 734 352 864 738 995 227 103 619 492 493 636 767
320 66 835 775 892 75 722 410 795 57 608 34 678 935 231 169 108 816 177 436 117 310 312 825 444 829 254
704 841 267 943 48 49 208 149 790 407 21 565 26 475 702
512 769 4 904 522 780 908 14 527 400 79 274 534 667 413 29 865 164 230 168 425 360 627 887 888 891 638
768 322 899 648 840 907 524 523 526 779 272 911 76 278 602 155 347 483 100 37 744 232 362 172 112 496 244 632 635 894
929 449 193 550 295 838 198 817 51 83 597 214 187 798 447
5 134 905 266 531 661 791 158 950 568 56 571 59 192 590 336 861 862 351 482 355 356 614 873 746 237 753 882 499 115 630 127
771 517 392 136 265 393 333 974 785 850 19 917 981 469 341 727 470 90 219 991 544 229 38 424 872 250 50 178 762 764 126
770 516 901 664 28 668 546 808 194 583 460 846 337 724 84 598 726 856 473 85 990 863 870 743 107 748 114 371 372 885 376 761 379 252
513 259 138 397 279 423 553 555 939 303 690 691 820 564 822 697 185 955 701 62 830 831 584 588 717 82 851 980 89 218 992 993 737 488 105 106 365 110 879 498 886 377 510
448 903 968 589 654 334 144 532 277 538 922 669 931 559 815 566 951 443
670 159 545 676 679 937 809 301 945 689 947 563 180 694 311 433 569 692 700 452 72 842 330 591 463 465 338 339 212 729 730 92 478 481 866 610 364 236 246 121 765
2 395 783 406 416 171 813 821 181 952 314 827 956 58 442 323 709 70 711 715 204 843 206 593 344 345 985 225 226 739 487 489 234 877 880 368 754 756 373 118 634 507
896 258 644 839 327 585 714 587 462 719 912 528 848 723 409 731 31 479 418 354 869 741 358 616 361 875 122 251 895
640 130 391 263 649 135 650 777 909 915 536 412 926 673 290 419 804 421 932 426 428 306 823 64 836 325 197 965 329 346 859 353 491 750 367 878 241 242
708 970 396 80 275 150 281 91 735 293 934 940 302 431 432 182 313 573
128 389 262 205 77 271 893 725 539 287 867 503 551 681 43 235 942 623 495 881 631 570 253 63
129 897 833 324 520 296 525 78 399 592 594 857 154
515 772 388 781 15 784 18 20 276 22 792 666 284 543 672 803 810 173 216 221 350 606 224 605 222 621 238 239 113 370 501 249 378
386 923 417 161 165 677 936 683 684 685 174 686 429 434 435 55 60 318 190 577 961 458 972 464 849 81 340 87 987 476 732 349 868 102 617 884 763
450 132 199 9 201 653 720 25 665 95 480 98 611 997 998 999 357 427 812 176 883 52 247
65 712 203 140 973 913 530 401 600 289 166 359 680 941 309 189 440 61
705 454 967 910 209 468 728 537 220 477 604 622 626 628 574 959
32 33 456 233 186 12 852 824 441 506 509
578 68 710 776 586 575 270 656 146 405 23 920 919 855 157 928 801 802 420 554 44 191
261 519 141 918 547 548 675 35 167 682 558 46 430 561 307 179 960 706 202 74 844 467 979 86 599 984 217 986 860 607 485 490 874 751 625 511
385 514 643 390 394 652 145 786 152 921 283 297 300 688 316 576 582 603 988 94 223 994 612 228 613 871 615 618 749 497 123 124 766
195 326 39 42 268 557 47 304 560 847 500 437 502 215 88
642 900 964 778 914 403 916 404 541 248 674 422 41 45 366 111 752 624 562 757 374 120 505 315 125
0 962 387 580 292 552 747 696 944 308 760 733 286
773 645 655 533 794 567 572 445 958 832 451 196 453 328 969 200 332 845 207 977 595 596 982 609 740 745 620 494 633 243 629 375 889 637 383
96 97 834 579 163 104 170 811 716 363 693 826 989
800 257 1 736 581 101 40 269 755 151 699 797
69 796 647 807 782 335 814 402 659 342 471 380 348
321 837 6 646 518 933 657 819 54 184 411 255
3 67 16 660 280 474 924 925 414 93 160 549 53 758 828 382
