0 203
0 691
0 759
0 319
0 314
0 308
0 178
0 19
0 994
0 168
1 444
1 756
1 633
1 202
1 613
1 428
1 211
1 734
1 94
2 331
2 513
2 496
2 544
2 21
2 906
3 421
3 826
3 320
3 994
3 236
3 308
3 319
3 974
3 338
4 899
4 135
4 963
4 57
4 724
4 741
4 677
4 186
4 763
4 367
4 577
4 911
4 116
4 170
5 84
5 196
5 271
5 170
5 155
5 330
5 231
5 948
5 303
6 791
6 881
6 419
6 61
6 283
6 953
7 129
7 624
7 790
7 140
7 345
7 493
7 123
7 797
7 255
7 658
7 165
7 377
7 783
8 903
8 309
8 806
8 403
8 792
8 98
8 755
9 227
9 216
9 555
9 570
9 487
9 405
9 632
10 385
10 430
10 324
10 768
10 690
10 395
10 22
10 292
10 569
10 885
11 262
11 299
11 389
11 397
11 108
11 13
11 157
12 244
12 321
12 985
12 460
12 733
12 212
12 742
12 870
12 871
12 785
12 709
12 465
12 596
12 648
13 263
13 397
13 269
13 708
13 208
13 157
14 908
14 103
14 976
14 998
14 949
14 989
15 256
15 63
15 27
15 109
15 424
15 195
15 262
15 913
15 237
15 793
16 846
16 758
16 549
16 536
16 726
16 340
16 435
16 979
16 864
16 77
17 67
17 608
17 620
17 437
17 955
17 152
17 918
17 921
17 165
18 178
18 117
18 75
18 35
18 365
18 557
18 803
18 962
18 678
18 679
18 887
18 78
18 800
18 166
18 423
18 52
18 458
18 224
18 358
18 115
18 467
18 799
18 578
18 282
18 994
18 210
19 828
19 759
19 738
19 71
19 175
19 308
19 319
20 765
20 783
20 401
20 251
20 597
20 241
20 544
20 496
20 375
20 890
20 590
20 845
20 440
21 626
21 517
21 332
21 728
21 416
21 42
21 81
21 490
22 768
22 395
22 653
22 567
22 292
22 569
22 885
22 585
23 901
23 390
23 970
23 599
23 476
23 605
23 242
23 536
23 967
23 961
23 340
23 398
23 844
23 666
23 979
23 987
24 159
24 393
24 414
24 200
24 169
24 413
24 43
24 778
24 478
25 36
25 384
25 904
25 939
25 787
25 210
25 293
25 938
25 693
25 238
25 499
25 966
26 407
26 534
26 508
26 136
26 825
26 165
26 192
26 31
26 295
27 195
27 913
27 187
27 63
27 205
27 256
27 181
27 587
28 411
28 984
28 171
28 889
28 912
29 660
29 222
29 813
29 85
30 406
30 773
30 190
30 652
30 771
30 248
30 592
30 796
30 593
31 655
31 534
31 136
31 701
31 689
31 295
31 825
31 315
32 768
32 653
32 554
32 141
32 292
32 576
32 324
32 287
32 395
32 111
32 261
32 569
32 368
32 385
32 430
32 769
32 245
32 595
33 662
33 267
33 976
33 998
33 710
33 908
33 254
33 263
33 164
33 244
34 162
34 465
34 127
34 470
34 221
34 628
34 212
34 753
34 460
34 587
34 381
34 596
34 537
34 870
34 99
34 357
34 785
34 415
34 830
34 265
34 709
34 999
34 717
34 809
34 46
34 83
34 704
34 742
34 322
35 224
35 954
35 840
35 178
35 73
35 825
35 166
35 680
35 557
35 467
35 342
35 943
35 443
35 472
35 343
36 521
36 527
36 412
36 400
36 757
36 853
36 232
36 489
37 841
37 110
37 260
37 781
37 39
37 830
37 174
37 501
38 902
38 957
38 586
38 394
38 899
38 382
38 247
38 229
38 595
38 677
38 879
38 625
38 940
38 939
38 186
38 963
38 724
38 116
38 73
38 270
38 386
39 260
39 531
39 439
39 665
39 829
39 711
39 246
40 930
40 139
40 579
40 347
40 958
40 826
40 685
40 943
40 443
40 79
40 854
40 118
40 903
41 413
41 847
41 146
41 417
41 646
41 123
41 812
42 676
42 894
42 674
42 860
42 517
42 55
42 81
42 744
42 754
42 728
42 477
42 58
42 89
42 735
42 867
42 743
43 394
43 916
43 414
43 420
43 944
43 637
43 240
43 820
44 660
44 536
44 257
44 268
44 789
44 815
44 565
44 694
44 311
44 59
44 96
45 461
45 910
45 220
45 95
45 252
45 458
45 750
45 818
45 567
46 779
46 810
46 636
46 160
46 971
46 475
46 811
46 234
46 673
46 220
46 562
46 446
46 834
46 112
47 393
47 526
47 916
47 125
47 767
47 586
47 200
47 901
48 898
48 969
48 663
48 820
48 670
48 535
48 509
48 883
49 300
49 716
49 792
49 922
49 926
49 806
49 256
49 755
50 908
50 429
50 410
50 103
50 122
50 710
50 164
50 998
50 560
50 254
51 517
51 307
51 973
51 754
51 795
51 832
51 55
51 490
51 892
52 557
52 90
52 342
52 349
52 418
52 423
52 962
52 800
52 679
52 954
52 117
52 224
52 678
52 365
52 166
52 115
52 458
52 887
52 178
52 803
52 680
52 272
52 185
52 964
52 840
53 557
53 629
53 542
53 943
53 948
53 858
53 731
53 339
53 705
53 911
53 443
53 79
54 560
54 528
54 925
54 990
54 534
54 473
55 517
55 894
55 277
55 795
55 822
55 934
55 995
55 456
55 732
55 831
55 973
55 743
55 126
56 946
56 780
56 716
56 113
56 588
56 82
56 947
56 874
56 792
57 902
57 142
57 911
57 354
57 488
57 247
57 601
57 923
57 724
57 879
58 63
58 344
58 604
58 566
58 978
58 665
58 956
58 108
58 852
58 72
58 712
58 866
58 497
58 709
59 497
59 257
59 815
59 311
59 789
59 96
59 191
59 104
59 552
59 336
59 565
59 707
59 185
59 709
59 526
59 65
60 752
60 532
60 83
60 62
60 510
61 551
61 894
61 648
61 791
61 249
61 764
61 503
61 362
62 391
62 77
62 472
62 322
62 719
62 718
62 387
62 464
62 480
62 83
62 392
62 580
62 302
62 92
62 435
62 748
62 576
62 616
63 195
63 187
63 913
64 462
64 207
64 167
64 100
64 983
65 854
65 533
65 815
65 311
65 257
65 179
65 789
65 694
65 895
65 527
66 698
66 550
66 348
66 519
66 400
66 848
66 379
66 572
67 281
67 918
67 880
67 912
67 514
67 921
67 955
67 814
67 519
67 121
68 174
68 779
68 875
68 714
68 112
68 312
68 218
68 617
68 234
69 674
69 655
69 534
69 692
69 132
69 341
70 619
70 959
70 978
70 832
70 733
70 720
70 344
70 866
70 497
71 134
71 260
71 656
71 824
71 327
71 638
71 829
71 639
71 371
71 711
71 439
71 807
71 298
71 501
71 174
71 570
71 715
71 246
71 492
72 310
72 900
72 720
72 471
72 956
72 334
72 204
72 344
72 866
72 823
73 418
73 421
73 557
73 721
74 746
74 199
74 306
74 606
74 642
74 525
74 798
74 671
75 557
75 964
75 365
75 423
75 665
75 358
76 659
76 674
76 822
76 973
76 133
76 996
76 671
76 672
76 481
76 100
77 580
77 92
77 718
77 132
77 480
77 556
77 719
77 441
77 502
77 391
77 343
77 83
77 472
77 387
77 464
77 982
77 884
78 679
78 557
78 178
78 166
78 941
78 467
78 342
78 537
79 172
79 685
79 948
79 823
79 301
79 816
79 766
79 877
79 705
79 802
79 731
79 858
79 617
79 622
79 481
79 223
79 943
79 139
79 245
79 362
79 579
79 347
79 355
79 591
79 842
79 958
79 473
79 161
79 612
79 339
79 687
79 443
79 154
79 201
79 102
79 255
79 319
79 478
79 278
80 448
80 847
80 417
80 217
80 153
80 146
80 603
80 233
80 812
81 674
81 888
81 126
81 602
81 871
81 249
82 808
82 780
82 782
82 941
82 113
82 716
82 118
82 403
83 187
83 361
83 692
83 556
83 302
83 322
83 580
83 343
84 901
84 844
84 723
84 967
84 599
84 864
84 100
84 830
85 95
85 703
85 149
85 697
85 222
85 963
86 436
86 282
86 284
86 373
86 294
86 729
86 582
86 409
86 805
87 308
87 855
87 338
87 361
87 235
87 759
87 627
87 299
87 826
87 314
87 706
87 994
88 277
88 674
88 831
88 837
88 477
88 594
89 797
89 795
89 860
89 408
90 421
90 557
90 721
90 342
90 136
91 691
91 97
91 184
91 204
91 518
91 447
91 214
92 132
92 392
92 580
92 719
93 129
93 790
93 624
93 345
93 667
93 486
93 377
93 506
93 123
93 255
93 97
94 932
94 206
94 211
94 734
94 479
94 924
94 328
94 396
94 133
95 461
95 859
95 567
95 220
95 818
95 252
95 548
95 750
95 507
95 447
95 287
95 106
95 623
96 416
96 929
96 815
96 565
96 635
96 482
97 665
97 182
97 978
97 604
97 471
97 866
97 646
98 913
98 465
98 792
98 865
98 309
98 403
98 119
98 696
98 922
98 793
98 806
98 871
98 634
98 903
98 278
98 917
98 926
98 492
98 484
98 893
98 623
98 286
98 775
98 852
98 918
98 755
99 265
99 537
99 192
99 709
99 465
99 596
99 742
100 987
100 864
100 351
101 788
101 688
101 148
101 512
101 304
101 746
101 631
101 490
102 172
102 685
102 943
102 948
102 591
102 301
102 600
102 842
102 359
103 267
103 662
103 786
104 789
104 815
104 819
104 565
104 268
104 573
104 106
105 310
105 448
105 832
105 331
105 850
105 497
105 952
105 325
106 268
106 929
106 815
106 311
106 707
106 431
106 233
106 598
107 147
107 176
107 700
107 615
107 851
107 194
107 862
107 585
107 770
107 177
107 209
107 504
107 298
108 900
108 956
108 959
108 720
108 752
108 497
109 256
109 262
109 424
109 759
109 766
110 646
110 847
110 417
111 370
111 768
111 395
111 668
112 735
112 743
112 779
112 915
112 681
112 810
112 875
112 213
112 230
112 422
112 562
112 218
112 449
112 611
112 673
112 835
112 297
112 475
112 747
112 234
112 312
112 359
112 325
112 714
112 971
112 160
112 907
112 636
112 144
112 870
112 645
113 197
113 839
113 593
113 874
114 897
114 570
114 583
114 609
114 363
114 727
114 900
114 319
115 721
115 140
116 899
116 459
116 724
116 394
116 247
116 382
116 367
116 364
116 808
116 142
116 725
116 354
116 879
116 625
116 868
116 677
116 911
116 741
116 225
116 586
116 685
116 727
116 891
116 763
116 258
117 803
117 421
117 680
117 557
117 721
117 342
118 780
118 941
118 618
118 603
119 926
119 755
119 871
119 304
120 308
120 521
120 668
120 527
120 391
121 562
121 392
121 322
121 719
122 410
122 710
122 468
122 760
123 140
123 658
123 624
123 520
123 289
123 739
123 610
123 255
124 384
124 919
124 938
124 939
124 499
124 231
125 669
125 393
125 200
125 420
125 544
126 659
126 831
126 973
126 360
126 743
126 277
126 607
126 822
126 602
126 735
126 680
126 785
127 216
127 265
127 785
127 537
127 321
127 465
127 742
127 870
128 348
128 519
128 379
128 572
128 418
128 641
128 848
128 698
129 493
129 345
129 255
129 797
129 737
129 520
129 790
129 377
129 506
129 450
130 635
130 137
130 564
130 642
130 905
130 218
130 388
130 801
130 804
130 563
131 523
131 644
131 505
131 931
131 364
131 651
131 280
131 408
131 222
132 785
132 718
132 502
132 334
132 748
132 556
132 391
132 322
132 856
132 302
132 441
132 580
132 719
132 849
133 516
133 852
133 529
133 478
133 669
133 968
133 813
134 264
134 801
134 647
134 650
134 563
134 498
135 643
135 142
135 225
135 879
135 625
135 808
135 690
135 677
135 186
135 459
135 724
135 382
136 689
136 692
136 508
136 655
136 825
136 165
136 295
136 701
137 296
137 362
137 650
137 498
137 252
138 836
138 462
138 695
138 648
138 553
139 339
139 172
139 672
139 802
139 674
139 685
139 948
139 443
139 336
140 520
140 493
140 345
140 790
140 255
141 308
141 768
141 395
141 324
141 177
141 287
141 292
142 364
142 229
142 305
142 247
142 643
142 902
142 594
142 601
142 514
142 677
142 683
142 724
142 225
142 879
142 382
143 516
143 478
143 619
143 682
143 197
143 852
144 650
144 936
144 257
144 843
144 273
144 929
144 552
144 694
144 765
145 942
145 444
145 346
145 168
145 617
145 163
145 427
146 962
146 847
146 748
146 407
146 217
146 603
146 417
147 176
147 615
147 341
147 189
147 851
147 862
147 313
147 386
147 504
147 879
147 585
148 518
148 318
148 666
148 274
148 946
148 846
148 551
148 856
148 541
148 315
148 799
148 296
148 560
148 688
148 573
148 631
148 489
149 660
149 697
149 955
149 693
150 304
150 560
150 869
150 543
150 758
150 158
150 946
150 688
150 846
150 631
151 196
151 214
151 540
151 177
152 489
152 389
152 263
152 208
152 157
152 269
152 397
152 775
152 514
153 388
153 646
153 847
153 407
153 844
154 998
154 672
154 161
154 355
154 830
154 685
154 481
155 443
155 196
155 524
155 330
155 272
155 271
155 303
155 353
156 644
156 523
156 258
156 651
156 408
156 760
156 180
156 183
156 774
156 838
156 173
156 931
156 758
156 280
156 316
156 621
156 977
156 505
156 599
157 389
157 269
157 208
157 547
157 397
157 263
157 586
158 863
158 737
158 512
158 304
158 198
158 631
158 740
158 494
158 666
158 274
158 820
158 688
159 451
159 912
159 918
159 281
159 620
159 955
160 521
160 384
160 704
160 779
160 907
160 297
160 259
160 446
160 834
161 542
161 347
161 685
161 943
161 948
161 443
161 481
162 785
162 587
162 830
162 742
162 374
162 865
162 192
162 709
162 596
163 836
163 427
163 949
163 181
163 882
163 684
163 434
163 942
163 453
163 168
163 661
163 346
163 646
163 185
163 291
164 680
164 662
164 267
164 477
164 429
164 997
164 998
165 635
165 538
165 825
165 295
165 701
166 349
166 458
166 178
166 680
166 308
166 679
166 557
166 964
166 467
166 674
166 889
167 225
167 285
167 462
167 935
167 559
167 861
167 983
167 988
167 353
167 989
167 387
168 661
168 444
168 346
168 949
168 427
169 360
169 916
169 413
169 200
169 657
169 240
170 330
170 231
170 540
170 196
171 512
171 333
171 411
171 660
171 445
172 219
172 223
172 802
172 617
172 542
172 301
172 687
172 986
172 685
172 948
172 481
173 408
173 523
173 589
173 258
173 644
173 505
173 316
173 651
173 760
173 772
173 931
173 564
173 315
174 260
174 638
174 814
174 288
174 371
174 236
174 829
174 433
174 246
174 824
174 550
175 930
175 738
175 630
175 190
175 308
175 314
175 855
175 235
175 511
176 770
176 337
176 536
176 700
176 209
177 297
177 386
177 933
177 781
177 821
177 700
178 800
178 421
178 557
178 356
179 945
179 257
179 815
179 952
179 621
179 233
179 527
179 565
180 678
180 258
180 644
180 772
180 589
180 781
181 291
181 427
181 504
181 675
182 416
182 497
182 184
182 614
182 310
182 832
183 258
183 774
183 316
183 405
184 486
184 665
184 566
184 310
184 359
184 344
184 947
184 733
185 929
185 565
185 715
185 621
185 482
185 552
185 936
185 431
185 789
185 405
185 286
186 911
186 677
186 488
186 957
186 899
186 715
186 724
186 879
186 363
186 548
187 195
187 262
188 274
188 561
188 666
188 788
188 614
188 541
188 362
188 846
188 740
188 746
188 631
188 441
189 246
189 777
189 933
189 194
189 690
189 770
189 337
189 851
189 862
189 950
189 700
189 571
189 504
189 947
190 652
190 796
190 592
190 550
191 774
191 884
191 929
191 815
191 565
192 999
192 717
192 733
192 773
192 709
192 596
192 470
192 742
193 963
193 740
193 445
193 984
193 552
193 411
194 305
194 514
194 386
194 950
194 700
195 913
195 200
195 205
195 424
196 540
196 271
196 272
196 524
196 981
196 214
196 303
197 941
197 874
197 690
197 716
197 873
197 898
198 869
198 817
198 356
198 390
198 846
199 954
199 525
199 568
199 749
199 649
199 800
199 606
200 393
200 944
200 767
200 916
200 801
201 685
201 948
201 347
201 877
201 802
201 510
201 537
201 933
202 645
202 932
202 328
202 279
202 972
202 857
202 479
203 299
203 308
203 320
203 828
203 630
203 994
203 250
203 875
204 667
204 956
204 866
204 809
204 497
205 459
205 262
205 350
205 426
206 645
206 924
206 396
206 801
206 734
206 794
207 219
207 935
207 553
207 695
208 397
208 547
208 389
208 263
208 775
208 290
208 269
208 539
209 514
209 933
209 966
209 507
210 260
210 656
210 578
210 807
210 533
210 485
210 246
211 932
211 613
211 645
211 396
211 328
211 972
211 840
211 857
211 734
212 785
212 537
212 830
212 596
212 742
212 999
213 779
213 681
213 810
213 562
213 230
213 403
213 234
213 391
214 673
214 732
214 272
214 540
214 330
214 353
215 276
215 841
215 727
215 363
215 920
215 227
215 487
215 808
215 571
215 445
216 920
216 632
216 570
216 609
217 407
217 646
217 797
217 417
217 812
217 357
218 681
218 810
218 834
219 685
219 943
219 816
219 443
220 910
220 859
220 252
220 316
220 567
221 785
221 321
221 709
221 596
221 271
222 894
222 454
222 703
222 660
222 574
222 697
222 813
223 685
223 943
223 948
223 443
223 714
224 679
224 557
224 954
224 812
224 943
225 677
225 594
225 724
225 879
225 382
226 683
226 724
226 725
226 594
226 911
226 374
226 656
227 555
227 945
227 982
227 629
228 390
228 979
228 726
228 987
228 864
228 637
228 372
228 723
228 340
228 605
228 970
228 312
228 751
229 899
229 683
229 940
229 963
229 643
229 431
229 879
230 764
230 779
230 915
230 675
230 681
230 562
230 834
230 325
230 234
230 875
230 862
231 725
231 826
231 330
231 353
231 303
232 456
232 521
232 853
232 757
232 426
232 400
232 334
232 489
232 804
232 510
233 257
233 929
233 815
233 565
233 442
234 779
234 681
234 834
234 714
234 449
234 673
234 907
234 359
234 636
234 675
234 562
234 312
234 422
234 971
234 428
234 611
234 835
234 425
234 810
234 811
234 237
234 604
234 634
234 572
235 994
235 338
235 511
235 630
235 845
235 742
236 706
236 352
236 578
236 807
236 501
236 933
236 809
236 317
237 779
237 681
237 810
237 425
237 325
238 724
238 384
238 495
238 904
238 432
238 722
238 919
238 645
239 275
239 406
239 853
239 489
239 380
239 757
239 426
239 527
239 521
239 866
240 916
240 786
240 803
241 961
241 906
241 401
241 794
241 440
241 375
241 544
241 597
241 251
241 571
242 390
242 844
242 987
242 684
243 768
243 395
243 569
243 885
243 270
243 653
243 556
244 662
244 998
244 976
244 908
244 254
245 685
245 943
245 948
245 823
245 421
245 719
246 395
246 260
246 781
246 827
246 829
246 501
246 533
246 616
246 711
246 814
246 352
246 807
246 713
246 371
246 329
246 884
247 683
247 586
247 724
247 879
247 978
248 817
248 773
248 652
248 266
248 758
249 323
249 648
249 419
249 881
250 930
250 299
250 828
250 319
250 759
250 511
251 906
251 401
251 513
251 597
251 994
252 688
252 461
252 548
252 818
252 447
253 940
253 965
253 457
253 528
253 469
254 998
254 997
254 551
255 289
255 739
255 486
255 790
255 797
255 658
255 493
255 506
255 497
256 664
256 350
256 383
257 715
257 821
257 789
257 815
257 565
258 774
258 523
258 644
258 326
259 404
259 698
259 545
259 889
260 713
260 711
260 352
260 578
260 371
260 329
260 807
260 781
260 533
260 439
260 639
260 616
260 706
260 298
260 709
260 481
260 266
260 501
261 768
261 653
261 270
261 430
261 942
261 292
261 885
262 350
262 424
263 595
263 550
263 397
263 290
264 948
264 905
264 647
264 388
264 694
264 650
264 498
265 717
265 745
265 381
265 587
265 418
265 785
265 537
265 321
265 709
265 596
265 733
265 742
265 999
266 746
266 741
266 796
267 468
267 976
267 710
267 822
268 552
268 715
268 765
268 565
268 843
268 311
268 929
268 751
268 815
268 893
269 981
269 389
269 775
269 547
269 397
270 289
270 768
270 769
270 576
270 885
271 330
271 524
271 303
271 353
272 661
272 303
272 524
272 540
272 738
272 353
273 291
273 898
273 969
273 820
273 413
273 535
273 663
274 746
274 657
274 856
274 666
274 531
274 539
274 923
274 560
274 561
274 688
275 521
275 426
275 380
275 853
275 788
275 406
275 489
276 897
276 487
276 945
276 755
276 920
276 681
277 627
277 977
277 477
277 744
277 626
277 809
277 837
278 917
278 903
278 484
278 950
279 878
279 894
279 607
279 977
279 735
279 490
279 655
279 674
279 822
279 728
280 644
280 651
280 968
280 948
281 918
281 912
281 608
281 955
281 451
281 921
281 880
281 620
281 435
282 654
282 335
282 729
282 436
282 405
282 284
282 559
283 382
283 874
283 403
283 480
283 286
284 335
284 405
284 729
284 523
284 294
284 432
284 455
284 779
285 553
285 983
285 559
285 833
285 695
285 448
286 792
286 917
286 484
286 755
287 385
287 885
287 704
287 569
287 359
288 879
288 760
288 656
288 639
288 371
288 807
288 814
288 638
288 719
289 506
289 739
289 658
289 624
289 377
290 527
290 775
290 547
291 960
291 949
291 427
291 942
291 346
291 849
292 768
292 769
292 385
292 569
292 366
292 368
292 835
293 384
293 904
293 919
293 823
293 495
293 499
294 405
294 409
294 729
294 440
294 572
295 655
295 534
295 508
295 315
295 692
295 825
295 689
295 904
295 701
295 419
296 512
296 539
296 923
296 981
296 846
296 740
296 746
296 631
297 681
297 971
297 875
297 449
297 562
297 325
297 696
298 763
298 987
298 638
298 980
298 827
299 338
299 511
299 582
299 691
299 308
299 319
299 320
299 994
300 659
300 934
300 674
300 517
300 735
301 802
301 685
301 542
301 441
301 948
301 591
301 545
302 395
302 387
302 719
302 598
302 499
302 580
303 330
303 540
303 353
303 963
304 399
304 657
304 318
304 558
304 563
304 631
305 643
305 394
305 677
305 683
305 724
305 879
305 382
305 581
306 994
306 606
306 671
306 749
306 986
306 657
306 687
307 626
307 860
307 837
307 332
307 475
307 822
307 438
307 735
307 995
308 369
308 738
308 361
308 691
308 828
308 314
308 319
308 855
308 759
308 826
308 320
308 974
308 980
308 975
308 799
308 582
308 994
309 903
309 403
309 792
309 623
309 893
309 900
310 667
310 604
310 712
310 566
310 956
310 331
310 390
310 471
310 782
311 929
311 552
311 815
311 789
311 431
311 715
311 685
312 756
312 779
312 675
312 810
312 428
312 702
313 457
313 742
313 514
313 933
313 700
313 575
313 851
313 761
313 581
314 342
314 319
314 826
314 582
314 730
314 930
314 759
314 699
314 994
315 655
315 692
315 701
316 774
316 651
317 326
317 503
317 791
317 648
317 953
318 518
318 560
318 799
318 370
318 746
318 494
319 930
319 627
319 369
319 980
319 855
319 993
319 974
319 582
319 958
320 725
320 974
320 975
320 994
321 999
321 830
321 381
321 460
321 415
321 985
321 733
321 785
321 628
321 709
321 753
321 374
321 717
321 603
321 565
321 596
322 634
322 464
322 556
322 510
322 502
322 718
322 435
322 849
322 719
323 326
323 405
323 648
323 953
323 881
324 570
324 768
324 385
324 653
324 983
324 366
324 885
324 881
324 815
325 864
325 779
325 810
325 686
325 834
325 475
325 907
325 915
325 681
325 673
325 425
325 835
325 562
326 503
326 648
326 953
326 881
327 814
327 706
327 485
327 985
328 645
328 932
328 396
328 734
328 766
328 756
329 656
329 827
329 371
329 616
329 946
330 517
330 607
330 989
331 959
331 956
331 471
332 934
332 831
332 490
332 962
333 800
333 972
333 984
333 976
333 411
334 838
334 580
334 982
335 654
335 373
335 928
335 405
335 729
336 697
336 929
336 815
336 422
337 574
337 514
337 790
337 845
338 826
338 974
338 738
338 980
338 855
338 914
338 993
339 910
339 802
339 685
339 948
339 443
339 600
339 786
340 640
340 390
340 961
340 967
340 979
340 726
340 987
340 751
341 386
341 933
341 950
341 581
341 770
342 879
342 557
342 800
342 458
342 365
342 423
342 349
342 679
342 840
342 680
342 964
342 467
342 803
342 721
342 887
342 818
342 358
343 464
343 510
343 480
343 441
344 667
344 416
344 978
344 604
344 665
344 566
344 497
344 866
344 471
344 900
344 934
344 440
345 790
345 624
345 902
345 429
346 444
346 924
347 943
347 948
347 766
348 662
348 452
348 519
348 432
348 698
348 572
349 800
349 418
349 557
350 913
350 709
351 995
351 567
351 390
351 398
351 844
351 665
352 533
352 713
352 656
352 573
352 639
353 524
354 677
354 724
354 725
354 586
354 940
354 632
354 879
354 382
354 986
354 491
355 685
355 943
355 816
355 823
355 443
355 481
355 473
355 566
356 543
356 817
356 494
356 869
356 631
357 785
357 537
357 596
357 742
358 800
358 421
358 678
358 557
358 964
358 680
358 992
359 468
359 422
359 562
359 834
360 894
360 795
360 995
360 618
361 855
361 994
361 730
362 685
362 948
362 443
362 481
363 727
363 897
363 632
363 629
363 929
364 683
364 724
364 459
364 616
364 879
364 771
364 950
365 679
365 557
365 641
366 768
366 653
366 368
366 769
366 576
366 430
367 643
367 683
367 724
367 879
367 382
367 520
368 916
368 768
368 769
368 395
369 691
369 994
369 907
370 466
370 469
370 928
370 457
370 951
370 990
370 523
370 378
371 533
371 501
372 390
372 723
372 726
372 987
372 751
372 509
373 729
373 405
373 997
374 785
374 709
374 596
374 742
374 870
375 513
375 906
375 401
375 440
375 496
376 659
376 456
376 795
376 995
376 474
376 888
376 598
377 790
377 797
377 493
377 624
377 520
377 814
378 390
378 987
378 864
378 961
378 599
378 463
379 519
379 550
379 914
379 536
380 521
380 406
380 853
380 489
381 787
381 809
381 709
381 742
382 808
382 683
382 963
382 724
382 879
382 595
382 899
382 488
382 677
382 741
382 459
382 433
383 937
383 839
383 593
383 874
383 618
383 500
384 432
384 938
384 886
384 495
384 722
384 787
384 919
385 768
385 769
385 554
385 653
385 550
385 395
385 861
386 938
386 770
386 950
386 514
386 732
386 585
386 577
386 966
386 615
386 571
386 581
386 504
386 851
386 538
387 899
387 441
387 502
387 718
387 719
387 580
387 435
388 955
388 905
388 498
388 564
388 883
388 563
388 711
389 657
389 816
389 929
389 397
389 547
390 640
390 463
390 637
390 476
390 726
390 987
390 398
390 901
390 967
390 884
390 864
390 876
390 499
390 857
390 961
390 979
391 683
391 768
391 532
391 480
392 441
392 532
392 580
392 630
392 719
393 868
393 878
393 778
393 767
393 414
393 413
393 787
393 786
393 420
393 870
394 899
394 724
395 768
395 653
395 430
395 569
395 704
395 554
395 576
396 666
396 645
396 491
396 932
396 734
397 775
397 547
397 490
398 640
398 901
398 864
398 822
398 987
398 751
398 884
398 621
398 597
399 740
399 543
399 688
399 680
399 558
399 746
399 631
399 827
400 583
400 521
400 489
400 668
400 412
400 621
400 695
401 783
401 590
401 513
401 546
401 838
401 440
401 496
402 511
402 934
402 521
402 668
402 489
402 556
403 408
403 917
403 893
403 484
403 492
403 696
403 903
403 755
403 806
403 836
403 792
404 596
404 984
404 411
404 545
404 445
404 483
405 654
405 645
405 805
406 489
406 426
406 527
406 412
407 646
407 847
407 812
408 774
408 838
409 729
409 417
410 662
410 710
410 747
411 445
411 889
411 984
412 521
412 668
412 757
412 622
412 960
412 853
412 489
413 526
413 767
413 414
413 786
414 526
414 916
414 515
415 624
415 537
415 470
415 733
415 596
415 877
415 709
415 742
416 665
416 448
416 900
416 959
416 471
416 831
417 603
417 847
417 812
417 855
418 800
418 803
418 557
418 542
419 578
419 881
419 764
420 778
420 526
420 786
420 767
420 527
421 557
421 423
421 476
422 673
422 636
422 810
422 681
422 834
422 708
422 875
423 803
423 964
423 686
423 557
423 973
424 913
424 579
425 810
425 562
425 673
425 573
426 521
426 888
426 960
426 853
426 489
427 942
427 949
427 453
427 434
427 684
427 836
427 661
427 444
427 882
427 433
428 810
428 915
428 864
428 611
429 976
429 908
429 468
429 997
429 779
430 768
430 896
431 552
431 815
431 819
431 968
432 919
432 495
432 787
432 499
433 533
433 764
434 557
434 661
434 684
434 949
435 532
435 556
435 768
435 719
435 849
435 510
436 654
436 805
436 439
436 773
437 977
437 451
437 921
437 608
437 955
438 822
438 626
438 872
438 463
438 651
438 552
439 612
439 807
439 786
439 827
439 694
440 565
440 496
440 794
440 597
440 590
440 890
440 836
441 775
441 532
441 598
441 580
442 929
442 815
442 895
442 455
442 565
442 952
442 939
443 840
443 685
443 687
443 600
443 766
443 515
443 731
443 702
443 823
443 816
443 481
443 842
443 705
443 877
443 802
443 579
443 542
443 801
443 847
446 681
446 834
446 810
446 978
446 875
447 964
447 548
447 567
447 750
448 712
448 471
448 850
448 604
448 497
449 779
449 915
449 673
449 681
449 810
449 834
450 512
450 788
450 946
450 657
450 631
451 912
451 955
451 934
451 918
451 921
451 880
452 904
452 641
452 848
452 630
453 661
453 836
453 684
453 819
454 574
454 813
454 703
454 814
454 660
455 647
455 936
455 565
455 715
455 694
455 482
456 822
456 831
456 735
456 995
456 490
457 856
457 530
457 466
457 784
457 928
458 557
458 838
458 983
459 683
459 601
459 724
459 879
460 685
460 809
460 709
460 465
460 596
461 818
461 507
461 855
461 910
461 859
461 548
462 935
462 638
462 983
462 989
463 967
463 726
463 588
463 723
463 864
463 751
464 993
464 580
464 719
465 537
465 709
465 809
465 717
465 870
465 830
465 596
466 990
466 892
466 925
466 907
466 469
466 951
467 679
467 840
467 954
467 557
467 680
467 803
467 887
467 956
468 679
468 908
468 710
469 528
469 925
469 928
469 771
469 805
469 640
470 785
470 537
470 709
470 587
470 596
470 830
470 600
471 828
471 665
471 956
471 566
471 797
471 497
472 742
472 719
472 510
473 685
473 943
473 948
473 762
474 894
474 934
474 728
474 867
474 888
474 902
474 743
474 776
475 789
475 681
476 536
476 726
476 961
476 864
477 894
477 674
477 973
477 735
478 516
478 968
478 909
478 669
478 676
478 722
479 645
479 932
479 734
479 857
479 800
480 580
480 922
481 685
481 943
481 947
481 731
481 766
481 705
481 802
481 791
482 699
482 929
482 936
482 815
482 715
482 493
482 621
483 945
483 841
483 610
483 629
483 515
483 596
484 784
484 818
484 770
484 903
484 696
485 639
485 824
485 710
486 790
486 624
486 797
486 937
487 897
487 920
487 945
487 681
488 899
488 677
488 683
488 963
488 724
488 879
488 685
488 600
488 500
489 527
489 668
489 521
489 757
489 960
490 795
490 934
490 659
490 626
490 822
491 932
491 857
491 633
492 917
492 792
492 926
492 755
493 911
493 790
493 739
493 624
494 946
494 688
494 846
494 746
494 981
494 541
494 560
494 543
494 718
495 832
495 631
495 939
495 904
495 693
495 722
495 787
495 919
495 500
495 499
496 794
496 544
496 583
497 850
497 604
497 712
497 752
497 566
497 667
497 665
497 959
497 978
497 720
497 900
497 754
498 635
498 883
498 643
499 594
499 904
499 939
499 722
499 983
500 522
500 780
500 874
500 873
500 937
500 762
501 827
501 774
502 879
502 631
502 530
502 532
502 510
503 739
503 970
503 648
503 791
503 953
504 770
504 777
504 700
505 774
505 523
505 669
505 948
506 520
506 658
506 790
506 699
507 750
507 818
508 959
508 534
509 563
509 969
509 535
509 820
510 556
510 719
510 982
510 849
511 994
512 846
512 584
512 863
512 573
512 657
512 965
512 631
513 728
513 597
513 544
513 914
514 581
514 615
514 851
514 732
514 571
514 862
514 575
514 723
514 959
514 933
514 700
515 947
515 672
515 835
515 685
515 943
515 948
516 968
516 522
516 676
516 909
516 619
516 734
516 852
516 682
517 878
517 735
517 626
517 674
517 973
518 666
518 746
518 737
518 551
518 558
518 587
518 573
519 795
519 848
519 698
519 914
520 790
521 668
521 527
521 757
521 853
521 960
521 647
521 652
522 968
522 682
522 909
522 619
523 644
523 774
523 838
524 540
524 566
525 860
525 649
525 671
525 606
525 986
525 605
525 875
526 630
526 944
527 960
527 668
527 853
527 824
528 928
528 990
528 892
528 951
528 788
529 968
529 909
529 676
529 706
529 852
529 669
529 921
529 642
529 848
529 698
530 974
530 720
530 784
530 990
531 656
531 827
531 942
531 706
532 611
532 976
533 638
533 807
534 655
534 927
534 538
534 973
535 898
535 670
535 952
536 901
536 864
536 844
536 751
536 917
537 785
537 830
537 809
537 628
537 985
537 742
537 761
537 709
537 596
538 655
538 927
538 689
538 939
538 692
538 825
538 701
539 666
539 573
539 737
539 988
539 799
539 946
539 561
539 688
539 631
539 686
540 566
540 748
541 740
541 863
541 551
541 893
541 560
541 946
541 688
541 965
541 746
542 877
542 948
542 958
542 731
542 612
542 685
542 943
543 981
543 584
543 785
543 846
543 631
544 906
545 984
545 889
546 584
546 906
546 783
546 794
547 775
548 859
548 750
549 994
549 776
549 876
549 751
549 678
550 848
551 788
551 817
552 815
552 565
553 989
553 562
553 559
553 861
554 768
554 653
554 704
555 664
555 920
555 610
555 583
555 765
555 791
556 718
556 719
557 679
557 964
557 678
557 962
557 680
557 840
557 954
557 887
557 721
557 803
557 800
557 706
557 573
558 981
558 737
558 817
558 787
558 688
558 991
558 631
559 861
559 695
560 799
560 863
560 965
561 737
561 869
561 843
561 846
562 944
562 907
562 810
562 636
562 675
562 673
562 971
563 642
563 650
563 804
563 883
563 896
564 939
564 802
564 896
564 680
565 929
565 895
565 843
565 707
565 694
565 765
565 701
566 900
567 751
568 649
568 798
568 606
568 986
568 758
569 741
570 945
570 609
570 629
570 727
570 807
571 933
571 966
572 641
572 698
573 923
573 702
574 703
574 660
574 697
574 622
575 923
575 700
575 740
575 581
575 862
576 768
576 835
576 885
577 991
577 777
577 700
577 996
578 706
579 685
579 943
579 948
580 598
580 719
580 748
580 606
580 928
581 770
581 690
581 851
581 821
581 966
581 585
582 855
582 759
582 630
582 893
582 994
583 920
583 609
583 727
583 632
583 780
584 688
584 817
584 631
585 690
586 724
586 879
586 928
586 868
586 912
586 924
587 702
587 709
587 596
587 742
587 870
588 782
588 612
588 873
589 644
589 772
589 931
589 979
590 668
590 906
590 922
591 685
591 948
591 958
591 601
592 771
592 652
592 773
593 782
593 618
593 634
593 874
594 677
594 683
594 868
594 724
594 639
595 677
595 643
595 957
595 724
595 763
596 839
596 785
596 809
596 709
596 830
596 733
596 717
596 745
596 753
596 742
596 761
596 628
596 870
596 804
596 941
597 906
597 890
598 785
599 961
599 876
599 979
599 987
599 864
600 685
600 943
601 808
601 683
601 724
601 879
602 730
602 674
602 831
602 895
602 886
603 847
603 812
604 864
604 866
605 776
605 979
605 726
605 864
606 649
606 986
606 798
606 749
607 674
607 837
607 894
608 912
608 918
608 628
608 829
609 920
609 610
609 900
610 727
610 841
610 920
610 835
611 779
611 681
611 810
612 685
612 948
612 842
612 705
612 806
613 932
613 857
613 734
614 657
614 817
614 688
614 856
614 740
614 631
615 915
615 933
615 966
615 777
615 735
616 781
616 824
616 827
617 943
617 948
618 716
618 874
618 780
618 941
619 909
619 669
620 921
620 865
620 943
621 929
621 815
621 819
622 685
622 943
622 948
623 667
623 792
624 790
624 739
624 658
625 902
625 683
625 940
625 724
625 879
625 885
626 837
626 743
627 855
627 994
627 690
628 958
628 809
628 709
628 733
628 870
629 920
630 855
630 994
631 923
631 788
631 737
631 991
631 863
631 869
631 799
631 980
632 920
632 786
633 924
633 932
633 734
633 726
633 685
634 793
634 922
634 871
635 650
635 647
636 779
636 875
637 844
637 979
637 726
637 864
638 656
638 827
639 827
640 901
640 844
640 776
640 967
640 987
640 864
640 751
641 698
641 848
641 914
642 896
642 905
642 650
642 804
643 724
643 922
643 879
643 999
644 931
644 886
644 651
645 972
645 673
645 932
645 734
646 847
647 905
647 804
647 650
647 801
648 881
648 764
649 671
649 986
649 798
649 749
650 896
650 905
651 931
651 838
652 771
652 891
652 773
652 796
653 768
653 745
654 713
654 729
654 805
654 927
655 692
655 689
655 701
656 781
656 824
657 869
657 799
657 846
657 746
657 700
658 739
658 958
658 790
659 699
659 744
659 996
659 754
659 837
659 872
659 692
659 674
660 703
660 701
660 810
661 882
662 976
663 969
663 845
663 898
663 670
663 971
664 913
665 832
665 955
665 667
665 956
665 752
666 688
666 863
666 946
666 846
666 746
667 832
667 720
668 960
668 853
669 968
669 909
669 676
670 898
670 845
670 888
671 749
672 685
672 943
673 779
673 681
673 810
674 837
674 743
674 996
674 728
674 973
674 992
674 744
674 795
674 754
674 831
674 722
675 779
675 907
675 747
675 810
675 834
677 868
677 879
677 683
677 911
677 836
677 876
677 724
677 725
678 679
678 721
678 962
678 680
678 964
679 680
679 803
679 964
679 840
679 800
679 962
679 987
680 962
680 721
681 788
681 779
681 714
681 747
681 811
681 971
681 835
681 907
681 875
682 852
683 940
683 724
683 741
683 911
683 698
683 725
683 879
684 949
684 836
684 837
685 802
685 948
685 705
685 958
685 842
685 877
685 687
685 858
685 702
685 854
685 731
685 943
685 947
685 901
685 927
686 779
686 810
687 877
687 842
687 948
688 799
688 746
688 981
688 946
688 923
688 869
688 740
688 965
688 991
688 788
688 863
688 846
688 811
688 693
688 825
688 708
689 969
690 777
690 700
691 730
691 826
691 828
691 974
692 927
692 825
693 799
693 787
693 886
694 790
694 929
694 815
694 819
695 833
695 983
696 893
696 903
698 848
699 894
699 996
699 926
700 950
700 770
700 821
700 732
702 802
704 768
705 943
705 948
706 827
706 824
706 927
707 864
707 929
707 765
707 936
707 989
708 779
708 915
708 834
709 745
709 753
709 809
709 985
709 761
709 785
709 999
709 742
709 717
709 830
709 797
709 836
710 925
710 976
711 781
