0 635
0 180
0 126
0 778
0 733
0 308
0 747
0 0
0 286
0 625
0 962
0 580
1 797
1 800
1 736
1 699
1 77
1 269
1 151
1 101
2 225
2 507
2 70
2 406
2 26
2 416
2 813
2 821
2 487
2 702
3 474
3 67
3 924
3 280
3 660
3 824
3 160
3 382
4 780
4 527
4 638
4 627
4 400
4 168
4 473
4 14
4 413
4 29
4 887
5 746
5 791
5 56
5 351
5 192
5 661
5 873
5 882
5 856
5 266
5 336
5 355
6 837
6 933
6 255
6 646
6 819
6 518
6 321
6 6
6 411
6 509
6 657
6 399
6 290
7 854
7 858
7 291
7 492
7 995
7 7
7 457
7 954
7 256
7 948
7 698
7 938
7 264
7 439
7 461
7 187
7 376
7 805
7 183
7 188
7 459
8 129
8 902
8 8
8 218
8 188
9 176
9 480
9 25
9 999
9 288
9 653
9 720
10 649
10 331
10 542
10 317
10 789
10 213
10 975
10 240
10 486
10 17
10 157
11 139
11 927
11 759
11 260
11 299
11 898
11 11
11 123
11 143
11 175
12 848
12 12
12 506
12 441
12 456
12 509
12 803
12 852
13 210
13 721
13 787
13 971
13 142
13 73
13 36
13 198
13 398
13 211
13 742
14 520
14 904
14 865
14 638
14 168
14 360
14 230
14 527
14 896
14 400
14 887
15 241
15 772
15 672
15 20
15 524
15 18
15 22
15 810
15 216
15 501
16 585
16 718
16 67
16 280
16 93
16 660
16 828
16 870
16 160
17 331
17 975
17 240
17 542
17 789
17 80
18 519
18 46
18 772
18 781
18 621
18 388
18 803
18 284
18 370
18 350
18 238
18 216
18 199
18 22
18 606
18 239
18 501
19 136
19 785
19 219
19 265
19 640
19 917
19 974
19 491
20 288
20 781
20 784
20 501
20 113
20 216
20 772
20 666
20 209
20 810
21 267
21 790
21 841
21 704
21 21
21 943
21 208
22 588
22 781
22 249
22 173
22 284
22 221
22 224
22 772
22 378
22 501
22 605
22 388
22 49
22 810
22 216
23 343
23 146
23 801
23 157
23 397
23 191
23 578
23 855
24 398
24 529
24 788
24 971
24 641
24 211
24 626
24 99
24 994
24 781
25 219
25 132
25 176
25 985
25 812
25 450
25 201
25 999
25 357
26 49
26 149
26 267
26 566
26 48
26 565
26 208
27 707
27 455
27 147
27 957
27 156
27 971
27 30
27 799
28 724
28 546
28 252
28 372
28 770
28 28
28 959
28 85
28 379
29 522
29 887
29 79
29 425
29 865
29 534
29 164
29 527
29 512
29 908
29 678
29 888
29 530
29 566
30 119
30 818
30 957
30 983
30 148
30 455
30 147
30 886
30 799
31 896
31 479
31 354
31 714
31 528
31 848
31 585
31 361
31 934
31 839
31 327
31 462
31 719
31 731
31 251
32 259
32 449
32 456
32 233
32 506
32 462
32 33
32 186
33 456
33 509
33 506
33 186
33 311
33 233
34 310
34 678
34 795
34 117
34 444
34 835
34 530
34 436
35 423
35 519
35 547
35 167
35 511
35 561
35 986
35 307
35 675
35 608
35 558
35 179
35 202
35 751
35 71
35 909
36 906
36 73
36 787
36 537
36 718
36 99
36 404
37 523
37 779
37 911
37 483
37 244
37 851
37 232
37 395
37 430
38 136
38 265
38 727
38 764
38 433
38 90
38 219
38 552
39 268
39 304
39 326
39 215
39 850
39 42
39 195
40 257
40 269
40 151
40 101
40 755
40 797
40 153
41 778
41 562
41 642
41 624
41 900
41 674
41 964
41 111
41 374
41 505
41 248
41 422
41 916
41 914
41 403
41 41
41 757
41 541
41 752
41 315
41 152
41 87
41 45
41 366
41 925
42 847
42 42
42 646
42 557
43 262
43 539
43 681
43 271
43 725
43 77
43 389
43 570
43 881
43 253
43 63
43 235
43 288
43 205
43 640
44 270
44 586
44 801
44 776
44 83
44 191
44 575
44 68
45 642
45 778
45 624
45 125
45 374
45 757
45 900
45 674
45 562
45 505
45 83
45 120
46 547
46 548
46 561
46 261
46 307
46 179
46 706
46 467
46 751
47 903
47 557
47 437
47 560
47 462
47 195
48 267
48 407
48 790
48 208
48 565
48 869
49 178
49 267
49 790
49 208
49 134
50 991
50 341
50 764
50 762
50 872
50 917
50 396
50 333
51 929
51 550
51 193
51 83
51 449
51 817
51 51
51 447
51 768
52 150
52 52
52 812
52 200
52 997
53 955
53 648
53 660
53 280
53 414
53 549
53 67
53 925
53 93
53 913
53 772
54 819
54 255
54 411
54 837
54 184
54 693
54 372
55 908
55 386
55 923
55 161
55 429
55 464
55 868
55 102
56 791
56 59
56 614
56 169
56 336
56 355
56 499
57 775
57 678
57 935
57 816
57 57
57 66
58 737
58 416
58 181
58 877
58 739
58 813
58 768
58 709
58 711
58 487
58 234
58 507
59 531
59 791
59 356
59 882
59 266
59 192
59 158
59 614
59 528
59 336
59 861
59 355
60 686
60 190
60 165
60 617
60 685
60 763
60 328
60 961
60 464
60 854
61 530
61 401
61 440
61 359
61 712
61 166
61 65
61 309
61 221
61 600
62 138
62 397
62 279
62 555
62 822
62 737
62 498
62 416
62 202
63 539
63 551
63 942
63 570
63 205
63 867
63 144
63 620
63 135
64 289
64 143
64 130
64 926
64 135
64 650
64 421
64 859
64 867
64 197
64 491
64 441
65 780
65 530
65 401
65 289
65 189
65 237
65 600
66 169
66 177
66 436
66 312
66 825
66 518
66 608
67 74
67 280
67 828
67 660
67 758
67 925
67 924
67 528
68 146
68 405
68 776
68 575
68 137
68 972
69 380
69 342
69 348
69 335
69 792
69 796
69 253
70 783
70 181
70 70
70 880
70 226
70 507
70 739
70 416
70 344
70 843
70 827
70 756
70 323
70 225
70 442
70 952
70 314
70 118
70 821
70 395
70 956
70 368
70 634
70 985
70 715
70 755
70 932
70 308
70 487
71 895
71 842
71 384
71 133
71 774
71 651
71 282
71 285
71 963
71 305
71 298
71 408
71 662
71 876
71 695
71 806
71 71
71 639
71 245
71 562
71 978
71 872
72 345
72 301
72 947
72 180
72 311
72 92
72 478
72 87
73 398
73 787
73 788
73 966
73 718
73 211
73 702
74 430
74 682
74 548
74 511
74 751
75 795
75 312
75 835
75 177
75 816
75 169
75 315
75 231
76 768
76 272
76 911
76 278
76 602
76 155
76 496
76 648
76 805
76 347
76 232
76 495
76 651
77 287
77 551
77 942
77 936
77 725
77 213
78 897
78 324
78 520
78 399
78 328
78 154
79 904
79 908
79 887
79 972
80 396
80 150
80 934
80 573
80 293
80 313
80 182
80 91
80 302
80 681
81 168
81 417
81 318
81 961
81 686
81 271
81 349
82 327
82 397
82 279
82 690
82 110
82 879
82 943
82 737
83 798
83 817
83 449
83 193
83 83
83 447
83 597
83 295
83 214
83 126
83 787
84 397
84 337
84 460
84 724
84 516
84 372
84 770
84 114
84 870
84 990
84 885
84 252
84 863
84 215
84 598
85 524
85 194
85 583
85 724
85 337
85 483
85 990
86 558
86 607
86 682
86 548
86 694
86 599
86 485
86 751
87 936
87 318
87 464
87 686
87 102
87 161
87 429
87 923
87 87
87 961
87 763
87 458
87 849
87 519
87 349
88 304
88 437
88 326
88 88
88 560
88 268
88 589
89 138
89 279
89 89
89 886
89 365
89 697
89 555
89 564
89 830
89 717
89 955
89 690
89 265
89 737
89 152
89 707
90 917
90 469
90 991
90 762
90 872
90 341
90 136
90 981
90 250
90 393
90 727
90 178
90 90
90 555
90 446
90 645
90 453
91 934
91 573
91 708
91 407
91 156
92 398
92 301
92 947
92 563
92 180
92 311
92 729
92 330
92 339
92 937
92 236
92 569
92 676
92 465
92 692
92 545
92 694
92 246
92 554
92 395
92 478
93 912
93 280
93 414
93 160
93 113
94 164
94 385
94 145
94 786
94 316
94 988
94 791
95 296
95 427
95 812
95 95
95 140
95 98
95 999
96 579
96 104
96 834
96 716
96 989
96 732
96 97
96 363
96 770
97 579
97 170
97 834
97 528
97 693
97 826
98 812
98 201
98 611
98 891
98 999
98 291
99 701
99 663
99 210
99 343
99 966
99 721
99 671
99 906
99 641
99 788
99 787
99 484
99 601
99 996
99 829
99 402
99 494
99 336
100 911
100 155
100 347
100 907
100 452
101 581
101 151
101 800
101 101
101 755
101 699
101 269
101 736
101 811
102 279
102 434
102 318
102 464
102 340
102 349
102 936
102 417
102 458
102 961
102 175
103 291
103 948
103 227
103 556
103 299
103 493
104 163
104 170
104 693
104 579
104 743
104 669
105 397
105 279
105 553
105 701
105 737
105 365
106 279
106 993
106 259
106 939
106 513
106 588
106 138
106 510
106 701
106 830
106 605
106 498
107 770
107 516
107 724
107 726
107 785
107 114
107 379
108 169
108 825
108 722
108 177
108 149
108 491
108 233
109 844
109 384
109 662
109 285
109 695
109 408
109 395
109 964
110 138
110 397
110 279
110 690
110 717
110 737
111 778
111 403
111 916
111 674
111 964
112 272
112 911
112 347
112 523
112 757
112 497
113 712
113 772
113 781
113 543
113 606
113 501
114 148
114 846
114 743
114 460
114 379
114 516
114 856
114 726
114 337
114 194
114 114
114 155
115 967
115 408
115 878
115 266
115 158
115 192
115 336
115 355
115 907
116 941
116 147
116 156
116 415
116 818
116 224
117 169
117 816
117 829
117 248
117 297
118 471
118 783
118 181
118 226
118 507
118 936
119 365
119 779
119 455
119 983
119 799
120 778
120 315
120 964
120 366
120 626
121 947
121 180
121 866
121 729
121 788
122 258
122 644
122 418
122 327
122 719
122 257
123 601
123 385
123 514
123 390
123 786
123 297
123 988
124 719
124 786
124 576
124 749
124 497
124 613
124 396
124 789
125 778
125 366
125 674
125 992
126 265
126 917
126 424
126 981
126 219
126 652
127 295
127 581
127 531
127 336
127 355
127 356
128 570
128 725
128 205
128 262
128 275
128 539
128 942
128 867
129 399
129 324
129 897
129 857
129 833
129 520
130 391
130 909
130 777
130 130
130 426
130 878
130 421
130 536
130 412
130 804
130 836
130 428
130 263
130 306
130 823
130 650
130 346
130 926
130 197
130 329
130 307
130 689
130 174
130 419
130 491
131 817
131 474
131 953
131 864
131 466
131 954
131 895
131 687
131 183
131 854
132 177
132 427
132 611
132 883
132 388
132 812
132 720
132 998
133 963
133 305
133 282
133 806
133 978
133 774
133 876
133 133
133 535
133 285
134 753
134 192
134 568
134 356
134 661
134 905
134 861
134 746
134 531
134 355
135 984
135 640
135 391
135 649
135 290
135 777
135 823
135 878
135 536
135 965
135 353
135 412
135 306
135 263
135 804
135 242
135 135
135 421
135 750
135 915
135 329
135 926
135 650
135 491
135 836
135 859
135 909
135 221
135 838
135 419
135 197
135 239
136 470
136 469
136 250
136 519
136 917
136 654
137 898
137 260
137 139
137 674
137 521
137 658
137 508
138 513
138 423
138 218
138 259
138 690
138 584
138 830
138 592
138 397
138 279
138 185
138 543
139 898
139 260
139 521
139 403
139 143
139 658
139 930
139 853
139 508
140 440
140 530
140 289
140 913
140 650
140 680
140 482
141 179
141 261
141 511
141 979
141 706
141 844
141 149
141 918
141 874
141 751
142 788
142 787
142 996
142 343
142 976
142 703
142 663
142 966
142 718
142 210
142 211
143 793
143 153
143 143
143 273
143 853
143 175
143 927
143 438
143 299
143 288
143 446
143 381
143 930
143 658
143 898
143 521
143 713
143 504
143 540
143 231
143 248
144 532
144 951
144 654
144 480
144 443
144 448
145 416
145 994
145 613
145 766
145 576
145 786
145 300
145 394
145 749
145 228
145 921
145 223
145 283
145 871
145 652
145 497
145 753
145 952
145 316
145 988
145 618
146 554
146 191
146 157
146 801
146 578
146 146
146 405
146 420
146 270
146 855
146 928
146 652
146 919
146 802
147 156
147 148
147 478
147 799
148 211
148 707
148 818
148 799
148 583
149 407
149 208
149 152
149 790
150 396
150 150
150 970
150 182
150 735
150 431
150 302
150 281
150 573
150 275
150 940
151 736
151 797
151 699
151 269
151 151
151 865
152 394
152 749
152 688
152 297
152 615
153 800
153 521
153 157
153 540
153 175
154 820
154 897
154 399
154 324
154 525
154 857
154 520
154 833
154 594
154 296
154 415
154 440
155 911
155 278
155 523
155 524
155 779
155 835
155 232
156 156
156 415
156 818
156 707
156 799
157 656
157 578
157 710
157 928
157 536
157 586
158 791
158 862
158 571
158 630
158 482
158 568
158 266
158 750
158 861
158 351
158 355
159 246
159 465
159 159
159 676
159 212
159 610
159 945
159 452
159 947
159 264
159 301
159 180
159 311
160 597
160 924
160 828
160 160
160 414
160 660
160 758
160 382
160 549
160 231
160 472
161 686
161 349
161 190
161 849
161 961
161 435
161 318
161 873
161 983
162 398
162 788
162 671
162 663
162 333
162 718
162 210
162 385
163 989
163 716
163 834
163 811
163 327
163 348
163 256
164 904
164 274
164 534
164 667
164 413
164 527
164 627
165 923
165 686
165 190
165 987
165 677
165 732
165 683
165 464
165 458
165 763
165 417
165 957
165 318
165 340
165 868
166 203
166 973
166 289
166 401
166 913
166 774
166 440
167 607
167 860
167 261
167 167
167 986
167 485
167 692
167 307
167 179
167 706
167 467
167 751
167 341
168 769
168 522
168 908
168 887
168 888
169 218
169 775
169 410
169 320
169 816
169 444
169 169
169 659
169 232
169 429
170 579
170 811
170 989
170 170
171 345
171 709
171 314
171 344
171 204
171 827
171 987
171 181
171 952
171 487
171 234
172 907
172 523
172 278
172 911
172 602
172 749
172 232
173 772
173 781
173 672
173 201
173 216
173 222
173 501
174 683
174 349
174 429
174 987
174 487
174 340
175 260
175 521
175 713
175 898
175 504
175 793
175 540
175 930
175 175
175 288
175 381
175 508
175 273
175 759
175 244
175 836
176 608
176 653
176 665
176 812
176 999
176 357
177 835
177 312
177 722
177 935
177 436
177 231
177 456
178 822
178 771
178 392
178 219
179 430
179 561
179 607
179 519
179 860
179 261
179 874
179 751
179 905
179 490
179 511
180 301
180 945
180 947
180 433
180 339
180 545
180 676
180 809
180 610
180 842
180 481
180 236
180 765
180 937
180 364
180 700
180 730
180 452
180 569
180 694
180 338
180 212
180 330
180 670
180 370
180 491
180 311
180 650
181 416
181 593
181 344
181 985
181 314
181 368
181 827
181 226
181 880
181 843
181 487
181 507
181 711
181 952
181 489
181 754
181 709
181 756
181 783
181 821
181 813
181 739
181 956
181 181
181 715
181 373
181 323
181 877
181 395
181 234
181 225
181 206
181 634
181 442
181 480
181 263
181 870
181 791
182 396
182 275
182 293
182 934
182 431
182 987
183 294
183 556
183 864
183 902
183 459
183 636
183 854
183 461
183 466
183 687
183 256
183 352
183 881
183 766
183 475
184 837
184 646
184 657
184 933
184 254
184 255
185 397
185 279
185 992
185 365
185 488
185 939
185 564
185 553
185 886
185 493
185 737
185 394
186 904
186 456
186 506
186 824
186 441
186 257
187 798
187 817
187 929
187 187
187 560
187 447
187 709
188 938
188 946
188 619
188 738
188 439
188 352
188 319
188 227
188 492
188 294
188 556
188 256
188 698
188 636
188 734
188 767
188 291
188 687
188 555
188 605
188 858
188 493
189 401
189 941
189 203
189 334
189 712
189 359
190 361
190 386
190 684
190 434
190 349
191 776
191 919
191 420
191 656
191 802
191 928
191 710
191 586
191 405
191 801
191 920
191 381
192 266
192 791
192 873
192 571
192 356
192 630
192 590
192 614
192 499
192 905
192 333
192 336
193 798
193 550
193 447
193 597
193 295
193 820
193 786
193 419
194 730
194 546
194 726
194 515
194 598
194 376
195 697
195 507
195 557
195 268
195 500
195 214
195 847
195 215
196 985
196 533
196 958
196 572
196 969
196 740
196 567
196 391
196 332
196 745
196 494
197 650
197 419
197 306
197 909
197 346
197 290
197 428
197 836
197 421
197 491
197 870
197 353
198 929
198 550
198 295
198 817
198 433
199 942
199 653
199 247
199 450
199 357
199 998
199 742
199 201
199 720
200 773
200 453
200 609
200 383
200 934
200 332
200 494
200 243
200 629
201 653
201 812
201 427
201 345
201 999
201 357
202 279
202 918
202 706
202 519
202 261
202 682
202 675
202 751
202 984
203 335
203 913
203 401
203 309
203 520
203 600
204 416
204 323
204 314
204 634
204 484
204 487
204 234
204 732
205 539
205 942
205 287
205 262
205 389
205 570
205 652
205 503
206 821
206 314
206 709
206 550
207 533
207 383
207 645
207 969
207 629
207 567
207 609
207 392
207 977
208 234
208 751
208 670
208 790
208 704
208 702
208 909
208 475
209 230
209 574
209 454
209 537
209 209
209 967
209 428
209 628
210 906
210 788
210 210
210 966
210 343
210 529
210 641
210 601
210 718
210 971
210 721
210 505
210 920
210 211
211 788
211 211
211 663
211 742
211 996
211 343
211 641
212 670
212 937
212 809
212 947
212 311
212 365
212 364
213 743
213 975
213 789
213 369
214 929
214 838
214 449
214 597
214 317
215 338
215 268
215 326
215 304
215 215
216 388
216 501
216 810
216 772
216 621
216 803
216 378
216 370
216 605
216 224
216 350
216 284
216 239
216 515
216 543
216 784
216 216
216 672
216 674
216 231
216 536
217 918
217 548
217 558
217 960
217 307
217 860
217 926
217 751
217 401
218 397
218 279
218 831
218 992
218 510
218 820
218 737
219 265
219 606
220 574
220 959
220 454
220 468
220 728
220 477
220 548
221 875
221 279
221 276
221 670
222 784
222 543
222 388
222 666
222 249
222 239
222 702
222 501
223 582
223 652
223 988
223 708
224 347
224 781
224 543
224 810
224 606
224 238
224 224
224 908
224 501
225 323
225 468
225 353
226 395
226 416
226 709
226 698
226 487
226 507
227 690
227 400
227 264
227 472
227 352
227 465
228 394
228 921
228 688
228 582
228 988
229 933
229 344
229 265
229 917
229 981
229 337
230 780
230 908
230 400
230 887
230 591
231 775
231 608
231 482
232 899
232 523
232 779
232 272
232 244
232 483
232 496
232 840
232 997
233 735
233 456
233 509
233 506
233 975
234 821
234 487
234 952
234 754
234 395
234 813
234 739
234 711
234 344
234 345
234 634
234 489
234 985
234 416
234 783
234 756
234 490
234 877
234 507
235 262
235 539
235 551
235 942
235 725
235 631
236 602
236 545
236 947
236 729
237 791
237 355
237 356
237 237
237 266
237 518
238 929
238 515
238 772
238 388
238 784
238 816
238 501
239 772
239 666
239 501
240 317
240 369
240 970
241 811
241 640
241 263
241 419
241 491
241 926
241 536
241 859
241 777
242 650
242 419
242 306
242 491
242 391
242 823
242 459
242 863
243 332
243 596
243 383
243 913
244 648
244 526
244 278
244 602
244 347
244 293
245 978
245 282
245 963
245 662
245 245
245 639
245 836
246 937
246 301
246 689
246 571
247 653
247 997
247 999
247 357
247 448
248 642
248 778
248 914
248 674
248 964
248 334
249 749
249 781
249 406
250 684
250 785
250 333
251 327
251 587
251 358
251 409
251 848
251 251
251 528
251 954
251 788
252 420
252 460
252 724
252 371
252 376
253 539
253 942
253 495
253 676
253 351
254 410
254 795
254 678
254 320
254 892
254 898
254 580
255 321
255 819
255 837
255 933
255 255
255 646
255 419
256 563
256 938
256 619
256 864
256 556
256 946
256 948
256 767
257 257
257 736
257 699
257 755
257 800
257 797
257 771
257 269
257 379
258 528
258 418
258 731
258 723
258 479
258 666
258 848
259 513
259 303
259 886
259 697
259 555
259 397
259 279
259 822
259 588
259 737
259 785
260 504
260 927
260 381
260 793
260 540
260 759
260 508
260 987
260 521
261 986
261 918
261 561
261 607
261 394
261 751
261 390
262 744
262 495
262 570
262 681
262 287
262 761
262 551
262 942
262 947
263 859
263 634
263 649
263 412
263 823
263 491
263 750
264 948
264 619
264 703
264 492
264 953
264 995
264 767
264 556
264 859
264 734
264 493
265 470
265 392
265 762
265 991
265 917
265 981
265 727
265 265
265 455
266 571
266 590
266 661
266 531
266 791
266 873
266 848
266 336
267 841
267 943
267 475
267 380
268 989
268 500
268 268
268 437
268 552
268 560
269 581
269 800
269 699
269 269
269 736
269 755
269 295
269 797
270 586
270 405
270 710
270 575
270 554
270 270
270 920
270 978
270 567
270 766
271 623
271 725
271 631
271 271
271 524
271 539
271 942
271 686
271 515
271 852
272 648
272 907
272 496
272 524
272 322
272 347
272 526
272 768
272 362
272 483
272 777
272 382
273 464
273 898
273 521
273 748
273 288
273 930
274 400
274 908
274 891
274 904
274 625
274 888
274 311
274 355
275 405
275 970
275 940
275 573
275 396
275 313
275 302
275 281
275 345
275 371
276 503
276 772
276 781
276 605
276 378
276 672
276 628
276 792
276 501
277 559
277 566
277 951
277 903
277 503
277 931
278 907
278 632
278 840
278 635
278 744
278 278
278 483
278 768
278 668
279 397
279 851
279 488
279 498
279 980
279 955
279 584
279 820
279 555
279 992
279 423
279 510
279 717
279 691
279 879
279 690
279 993
279 822
279 588
279 701
279 303
279 365
279 279
279 553
279 939
279 737
279 886
279 564
279 830
279 697
279 881
279 983
280 660
280 382
280 280
280 549
280 758
280 925
280 414
280 924
280 953
280 443
281 731
281 736
281 396
281 934
281 512
281 293
281 940
281 573
281 708
282 384
282 535
282 806
282 774
282 744
282 978
282 962
283 849
283 514
283 390
283 786
283 297
284 515
284 378
284 672
284 787
284 606
284 501
285 806
285 639
285 695
285 774
285 826
285 978
286 564
286 760
286 308
286 696
286 962
286 292
286 580
286 944
286 733
286 747
286 356
287 539
287 681
287 867
287 389
287 339
287 942
287 367
288 521
288 403
289 401
289 941
289 440
289 973
289 600
289 359
290 909
290 353
290 536
290 915
290 306
291 715
291 946
291 698
291 864
291 319
291 352
291 459
291 948
291 493
292 962
292 944
292 696
292 292
292 747
292 801
292 760
293 940
293 432
293 396
293 293
293 302
293 573
293 431
293 708
294 869
294 457
294 953
294 738
294 636
294 767
294 703
294 461
294 949
294 493
294 472
294 954
294 649
294 556
294 948
295 449
295 798
295 838
296 324
296 399
296 592
296 833
296 857
297 786
297 385
297 994
297 316
297 576
297 988
297 612
297 615
298 939
298 384
298 651
298 662
298 741
298 963
298 978
299 539
299 521
299 930
299 508
299 299
299 565
300 752
300 786
300 618
300 680
300 316
300 615
301 670
301 465
301 937
301 339
301 433
301 591
301 809
301 301
301 842
301 692
301 730
301 481
301 330
301 478
301 593
301 446
301 689
301 947
301 311
301 729
302 934
302 617
302 431
302 313
302 573
303 513
303 397
303 879
303 555
303 623
303 737
303 899
304 365
304 500
304 435
304 847
305 721
305 384
305 774
305 662
306 325
306 521
306 491
307 519
307 918
307 635
307 844
307 599
307 490
307 751
307 508
308 434
308 944
308 804
309 440
309 973
309 680
309 712
309 941
309 374
309 600
310 829
310 935
310 410
310 657
310 312
311 487
311 979
311 945
311 947
311 676
311 433
311 569
311 689
311 692
311 481
311 866
311 463
311 545
311 700
311 765
311 330
311 339
311 452
311 465
311 338
311 670
311 677
311 910
312 775
312 829
312 337
312 478
313 396
313 934
313 724
314 406
314 597
314 487
314 507
314 915
315 775
315 778
315 914
315 541
315 422
315 400
315 366
316 390
316 786
316 766
316 603
316 612
316 582
316 648
317 975
317 789
317 317
317 693
318 386
318 936
318 972
318 732
318 677
318 349
318 684
318 884
318 685
318 476
318 686
318 464
318 868
318 577
318 763
318 318
318 340
318 617
318 429
318 915
318 997
318 747
318 961
319 386
319 427
319 938
319 946
319 472
320 436
320 816
320 562
321 518
321 933
321 411
321 869
321 819
322 648
322 899
322 907
322 322
322 779
322 635
322 362
322 961
322 632
323 395
323 416
323 373
323 917
323 593
323 985
323 487
323 756
323 507
323 960
324 897
324 324
324 520
324 857
324 594
324 457
324 578
324 516
325 650
325 419
325 932
325 410
325 491
326 725
326 557
326 437
326 847
326 500
326 784
327 644
327 418
327 731
327 912
327 895
327 354
327 528
327 869
327 616
327 965
328 981
328 832
328 453
329 391
329 650
329 777
329 817
330 447
330 689
330 947
330 700
330 765
330 694
330 676
330 478
330 330
330 778
331 784
331 331
331 542
331 966
331 975
331 789
331 486
332 794
332 572
332 453
332 969
332 596
332 773
332 958
332 451
332 740
332 845
332 609
332 375
332 629
332 595
332 494
332 620
332 445
332 633
332 637
332 332
332 493
332 993
333 544
333 945
334 559
334 815
334 968
335 647
335 782
335 659
335 342
335 471
336 791
336 571
336 746
336 753
336 336
336 905
337 527
337 681
337 516
337 808
337 598
337 372
338 947
338 676
338 478
338 866
338 364
339 880
339 676
339 947
339 729
340 406
340 386
340 677
340 464
340 987
340 362
340 349
341 771
341 917
341 544
341 762
341 727
342 647
342 807
342 782
342 637
343 788
343 484
343 674
344 406
344 416
344 709
344 487
345 416
345 709
345 843
345 985
345 487
345 754
345 514
346 795
346 650
346 932
346 891
347 524
347 523
347 526
347 347
347 779
347 911
347 496
347 894
347 362
347 947
347 632
347 782
347 376
348 814
348 348
348 796
348 805
349 604
349 682
349 700
349 386
349 936
349 464
349 458
349 476
349 617
349 683
349 435
349 417
349 868
349 349
349 923
349 577
349 849
349 732
349 507
349 634
349 470
350 522
350 490
350 784
350 792
350 810
350 388
350 772
350 730
350 501
351 692
351 791
352 687
352 948
352 954
352 472
352 493
353 649
353 878
354 644
354 418
354 585
354 731
354 667
354 375
354 536
355 881
355 791
355 950
355 905
355 630
355 746
355 590
355 753
355 499
355 482
355 465
356 746
356 614
356 459
357 653
357 665
357 812
357 607
358 912
358 848
358 875
358 535
358 361
359 401
359 600
359 439
360 512
360 769
360 904
360 400
360 667
360 865
360 888
360 642
361 912
361 587
361 517
362 524
362 779
362 805
363 646
363 579
363 363
363 716
363 695
364 993
364 947
364 433
364 922
365 397
365 737
365 717
365 377
365 553
365 555
365 993
365 588
365 564
365 831
365 879
365 939
365 498
365 830
366 900
366 778
366 624
366 916
366 403
366 374
366 964
366 757
366 367
366 752
367 655
367 650
367 491
367 915
368 395
368 416
368 487
368 507
369 657
369 975
369 789
370 784
370 606
370 501
371 936
371 546
371 724
371 583
371 664
371 726
371 770
372 460
372 846
372 856
372 473
372 516
372 376
373 406
373 715
373 595
373 889
374 541
374 623
375 655
375 567
375 889
375 969
375 620
375 633
375 572
375 645
376 516
376 460
376 726
376 546
376 808
377 397
377 690
377 980
377 781
378 515
378 781
378 792
379 901
379 598
379 379
379 748
379 743
379 870
379 770
380 647
380 402
380 471
380 796
380 814
380 817
381 521
381 658
381 853
382 925
382 924
383 794
383 572
383 982
384 978
384 695
384 963
384 876
384 774
384 408
384 535
384 651
384 384
384 662
385 613
385 643
385 688
385 786
386 476
386 923
386 763
386 458
386 732
386 677
386 936
386 386
386 972
386 685
386 435
386 577
386 961
386 617
386 429
386 434
386 683
386 477
386 584
386 417
387 760
387 962
387 552
387 696
387 656
388 777
388 772
388 933
388 781
388 784
388 792
388 543
388 501
389 893
389 539
389 681
389 942
389 450
389 725
390 514
390 643
390 871
390 612
390 582
390 603
391 536
391 446
391 650
391 673
391 932
391 823
392 685
392 662
392 517
392 764
392 785
392 470
392 469
392 843
392 424
393 970
393 771
393 393
393 470
393 714
393 917
394 528
394 786
394 615
395 813
395 442
395 634
395 507
395 821
395 739
395 489
395 783
395 406
395 487
396 717
396 970
396 432
396 940
396 708
396 531
396 934
396 735
397 513
397 939
397 831
397 830
397 498
397 737
397 980
397 553
397 879
397 555
397 697
397 993
397 851
397 584
397 955
397 588
397 820
397 564
397 510
397 423
397 397
397 691
397 701
397 488
397 822
397 605
397 954
397 658
397 523
398 906
398 966
398 663
398 601
398 529
398 721
398 976
398 718
398 788
399 897
399 833
399 520
399 525
399 594
399 592
400 522
400 413
400 904
400 769
400 891
400 888
401 712
401 401
401 680
402 782
402 402
402 694
402 796
402 421
403 642
403 964
403 752
403 404
403 900
403 541
404 539
404 642
404 778
404 916
404 752
405 776
405 586
405 920
405 801
405 575
405 919
406 985
406 416
406 709
406 487
407 407
407 565
407 790
407 841
407 746
408 662
408 876
408 774
408 978
408 890
409 731
409 869
409 462
409 895
409 457
409 418
409 714
409 848
410 775
410 436
410 643
410 546
411 837
411 518
411 657
411 819
412 426
412 828
412 491
413 522
413 413
413 887
413 453
414 924
414 925
414 949
415 887
415 455
415 983
415 799
416 827
416 783
416 956
416 880
416 715
416 821
416 507
416 756
416 416
416 952
416 985
416 593
416 544
416 709
417 617
417 686
417 677
417 527
417 936
417 868
418 839
418 418
418 875
418 741
418 848
418 603
418 587
418 723
418 731
418 911
418 799
419 640
419 649
419 650
419 426
419 878
419 836
419 804
419 932
419 428
419 915
419 859
419 536
419 875
420 656
420 919
420 586
420 554
420 575
421 640
421 836
421 493
422 723
422 642
422 900
422 778
422 519
422 752
422 660
423 488
423 830
423 555
423 564
423 557
424 785
424 517
424 974
424 424
424 850
424 469
424 872
424 727
424 470
424 991
424 764
424 544
424 459
424 438
425 904
425 865
425 891
425 538
425 887
425 888
426 680
426 650
426 600
426 823
426 965
426 491
426 750
427 570
427 450
427 997
427 998
427 665
427 999
428 545
428 640
428 649
428 777
428 909
429 884
429 458
429 987
429 577
430 675
430 519
430 706
430 844
430 599
430 511
431 834
431 708
431 432
431 855
431 573
431 473
432 940
432 698
432 978
433 670
433 937
433 947
434 849
434 464
434 987
434 868
435 980
435 936
435 476
435 751
435 961
435 464
436 935
436 608
436 444
436 892
436 835
436 825
436 436
436 897
436 910
436 586
437 560
437 963
438 814
438 898
438 521
438 540
438 964
438 713
438 508
439 687
439 703
439 761
439 854
440 680
440 973
441 518
441 456
441 852
442 956
442 827
442 711
442 768
443 443
443 968
443 532
443 538
443 589
443 815
443 669
443 448
444 795
444 765
444 937
444 772
445 794
445 567
445 451
445 832
445 520
445 629
446 898
446 521
446 658
446 566
447 929
447 550
447 716
448 532
448 922
448 669
449 798
449 550
450 653
450 665
450 812
450 450
450 999
451 773
451 645
451 794
451 620
451 559
451 977
451 629
452 670
452 679
452 689
452 947
453 794
453 567
453 494
453 633
453 889
453 977
453 832
453 745
453 629
453 969
453 620
453 533
453 740
454 705
454 622
454 604
454 454
454 967
454 537
454 959
454 628
454 704
454 728
454 477
454 945
455 529
455 707
455 799
456 506
456 824
456 852
457 948
457 459
457 461
457 472
457 542
458 593
458 936
458 686
458 673
459 703
459 767
459 461
459 948
459 492
459 902
459 459
459 734
460 770
460 901
460 990
460 473
460 748
460 583
460 705
460 726
461 513
461 938
461 948
461 750
461 472
461 734
462 912
462 714
462 479
462 644
462 723
462 799
462 869
462 616
463 670
463 945
463 689
463 676
463 464
464 936
464 868
464 577
464 685
464 683
464 684
464 544
465 679
465 809
465 947
466 636
466 492
466 632
466 472
466 734
466 493
467 675
467 561
467 706
467 497
467 751
468 574
468 959
468 628
468 910
468 468
468 477
468 604
469 785
469 727
469 951
470 759
471 796
471 647
472 687
472 948
472 703
472 805
472 995
472 902
472 738
472 492
472 854
472 760
472 493
473 770
473 846
473 743
473 724
473 856
474 660
474 924
474 758
474 582
475 943
475 702
476 553
476 534
476 835
476 868
476 767
477 574
477 705
477 910
477 604
477 626
477 537
477 967
477 982
478 670
478 689
478 947
478 563
478 692
478 700
478 729
478 866
478 679
478 694
478 616
479 731
479 723
479 895
479 686
480 653
480 812
480 883
480 647
480 999
481 670
481 937
481 947
481 540
482 531
482 950
482 905
482 746
483 602
483 696
483 632
484 906
484 788
484 718
484 976
484 502
485 675
485 844
485 625
485 779
485 751
485 988
486 819
486 900
486 810
486 542
486 975
486 820
487 783
487 813
487 952
487 711
487 754
487 487
487 827
487 715
487 877
487 593
487 843
487 985
487 709
487 634
487 880
487 956
487 489
487 507
487 836
487 600
487 676
488 839
488 588
488 737
488 868
489 952
489 956
489 709
489 804
489 507
489 882
490 675
490 860
490 548
490 625
490 984
490 706
491 650
491 491
491 823
491 915
491 909
491 777
491 926
491 750
491 673
491 932
491 965
491 804
491 892
492 868
492 948
492 734
493 948
493 703
493 954
493 734
493 953
493 619
493 854
493 636
493 946
493 902
493 858
493 864
493 767
493 771
493 657
494 794
494 609
494 629
495 539
495 725
495 495
495 893
495 881
495 803
496 899
496 648
496 523
496 526
496 602
496 635
497 677
497 786
497 766
498 553
498 737
498 820
498 509
498 954
499 791
499 868
499 630
500 507
501 826
501 728
501 515
501 784
501 543
501 772
501 666
501 605
501 803
501 810
501 621
501 606
501 781
501 618
501 794
501 977
501 560
502 711
502 502
502 507
503 539
503 942
503 725
504 898
504 658
504 930
504 508
505 942
505 947
505 778
506 852
506 824
506 798
507 711
507 952
507 709
507 880
507 821
507 813
507 827
507 956
507 877
507 739
507 783
507 634
507 754
507 985
507 558
508 540
508 927
508 590
510 955
510 717
510 993
510 737
510 958
511 751
511 706
511 918
511 979
511 554
512 780
512 638
512 891
512 729
512 887
512 888
513 588
513 879
513 584
513 831
513 830
513 691
513 992
513 822
513 737
513 840
513 693
514 871
514 786
514 576
514 615
515 772
515 781
515 543
515 810
516 885
516 516
516 598
516 546
517 831
517 713
517 850
517 917
517 974
518 933
518 646
518 819
519 874
519 986
519 960
519 706
519 751
520 857
520 520
520 594
520 675
520 538
521 713
521 658
521 759
521 927
521 793
521 930
521 540
521 521
521 611
521 818
522 769
522 888
522 904
522 627
522 887
523 829
523 911
523 602
523 894
523 526
524 722
524 744
524 635
524 779
525 897
525 833
525 525
526 894
526 768
526 840
526 939
526 779
527 534
527 887
528 896
528 644
528 723
528 719
528 616
529 971
529 671
529 976
529 788
530 913
530 712
530 973
530 946
531 751
531 590
531 571
531 791
531 861
531 746
531 531
531 818
532 589
532 951
532 654
532 532
532 815
533 832
533 982
533 845
533 794
533 605
534 741
534 904
534 534
534 888
535 662
535 978
535 695
535 651
535 876
535 806
535 995
535 613
536 804
537 910
537 967
537 622
537 959
537 917
537 683
537 658
538 551
538 903
538 654
538 922
539 551
539 893
539 539
539 942
539 867
539 631
539 570
539 623
539 725
539 630
540 713
540 898
541 642
541 778
541 916
541 703
541 674
542 966
542 975
543 751
543 781
543 666
543 810
543 803
544 764
544 629
545 676
545 765
545 809
545 947
545 692
545 944
546 870
546 583
546 598
546 808
546 863
546 726
547 918
547 607
547 979
547 561
547 986
547 964
547 751
547 774
547 792
548 918
548 751
548 960
548 979
548 607
548 598
549 695
549 758
549 925
549 924
549 747
550 798
550 984
550 838
551 570
551 623
551 551
551 942
551 725
552 962
552 733
552 696
552 944
553 690
553 830
553 939
553 822
554 928
554 919
554 554
554 734
555 754
555 939
555 955
555 922
556 946
556 902
556 610
556 948
556 703
556 734
557 560
558 734
558 706
558 844
558 599
558 751
559 903
559 922
559 589
559 985
560 560
561 682
561 984
561 760
561 874
561 751
562 907
562 642
562 778
562 964
562 832
563 809
563 947
563 694
563 729
564 822
564 717
564 737
565 641
565 841
565 704
565 702
566 922
566 968
567 645
567 655
567 889
567 629
567 633
568 627
568 568
568 630
569 670
569 689
569 947
569 951
569 729
570 942
570 725
571 791
571 861
572 620
572 958
572 954
573 708
573 652
574 910
574 622
574 728
574 967
574 705
574 626
574 966
574 628
575 776
575 860
575 855
575 708
576 612
576 576
576 832
576 613
576 698
577 923
577 861
577 849
577 868
578 920
578 855
579 834
579 811
579 826
579 716
579 579
580 760
580 733
580 962
580 580
581 800
581 797
581 581
582 786
582 618
583 705
583 794
583 726
583 724
584 691
584 641
584 980
584 737
585 839
585 731
585 644
585 714
585 848
586 928
586 801
587 731
587 714
587 630
587 875
588 831
588 955
588 820
588 737
589 903
589 922
589 931
590 672
591 670
591 947
591 700
591 730
592 897
592 871
592 594
593 709
594 833
594 668
594 807
594 762
595 655
595 645
595 595
595 907
595 982
596 934
596 794
596 740
596 932
596 620
597 838
597 929
598 724
598 668
598 885
598 863
599 625
599 874
599 777
599 751
600 725
600 913
600 941
600 680
600 920
601 718
601 787
601 974
602 602
602 768
602 894
603 618
603 622
603 615
604 628
604 604
604 705
604 626
605 947
605 772
606 784
606 792
606 666
606 810
607 740
607 751
608 775
608 825
609 769
609 645
609 794
610 937
610 947
610 729
610 803
611 812
611 937
612 786
612 958
613 851
613 688
614 756
614 791
614 950
614 652
614 630
615 652
615 921
615 615
616 723
616 644
616 869
616 616
616 896
616 617
616 992
617 849
618 982
618 921
618 844
619 938
619 948
620 982
620 794
621 781
621 784
621 810
622 910
622 705
622 628
623 942
623 725
624 642
624 778
624 674
624 808
625 918
625 706
625 751
626 705
626 728
626 628
627 769
628 728
628 753
629 794
629 745
629 645
629 958
629 655
629 633
629 773
629 859
629 787
629 905
630 950
630 862
630 753
630 630
631 942
631 822
631 893
632 654
633 773
633 633
634 813
634 709
634 637
635 744
635 776
636 656
636 745
636 902
636 734
637 794
637 977
638 780
638 887
638 681
639 651
639 662
639 806
639 890
639 691
640 859
640 804
640 750
640 650
640 836
641 996
641 788
641 742
642 914
642 778
642 900
643 994
643 643
643 873
643 688
644 848
644 731
644 912
644 644
644 839
644 869
644 875
645 745
645 832
645 794
645 969
