69 524 911 343 408 216 27 34 675 804 805 738 361 173 686 367 691 437 56
352 196 997 552 652 748 111 240 252 316 508 797 414
32 838 8 713 365 560 882 627 84 823
416 865 289 357 614 904 554 685 366 942 401 275 469 541
0 771 14 655 912 398 146 404 662 536 921 409 155 156 542 415 286 419 293 550 680 937 298 171 45 430 687 816 307 309 821 698 958 63 198 327 840 79 466 479 483 99 358 618 619 236 113 115 377
897 642 4 13 26 666 936 684 943 304 561 434 690 308 949 820 567 440 695 822 701 318 703 833 194 323 67 965 452 456 845 720 848 470 858 247 871 106 364 621 878 628 373 245 119 632 500 892
700 643 580 139 587 204 108 591 432 498 178 505 540 766
716 851 471 857 985 859 924 350 37 679 39 809 425 359 562 435 697 188
128 448 962 131 646 264 328 394 523 76 525 910 144 529 658 403 660 149 22 219 157 159 96 678 40 174 179 565 629
259 154 796 284 674 164 421 297 812 558 306 693 950 310 311 313 834 964 457 974 593 91 604 94 994 355 996 356 229 363 237 751 633 760 761 895
256 385 130 769 901 134 265 273 338 210 535 795 283 287 95 934 296 427 428 819 438 887 122 379 767
321 515 581 583 649 778 780 528 17 400 148 150 608 33 993 610 868 486 232 750 752 244 439 826 956 702
320 162 35 292 38 166 841 620 973 719 656 817 346
768 36 526 46 957 177 53 285 827 733 831
417 803 70 137 73 779 459 186 476 92
704 257 163 742 200 107 368 729 602 509
928 288 931 71 43 429 176 538 412 413 446 351
801 519 72 808 650 266 333 141 410 29
672 418 451 516 133 559 305 246 667 798
512 386 770 395 267 653 20 151 555 951 954 699 959 66 963 711 714 842 972 331 334 975 208 464 82 468 85 855 218 861 863 480 883 503 253
227 900 332 44 462 594 735 117 793 543
802 291 967 521 590 399 527 243 55 88 635
832 129 708 836 68 263 584 330 588 909 336 18 979 532 980 854 23 407 920 599 984 214 90 86 732 612 873 502 631 506 125
676 712 393 170 939 397 271 688 335 978 341 54 152 828 30
644 138 589 782 461 209 596 24 856 475 222 482 998 487 872 491 48 376 251
449 5 390 325 905 908 270 654 915 916 278 282 927 739 741 423 424 615 683 556 109 116 884 57 381 382
64 578 899 392 969 715 721 147 595 345 603 312 810 42 180 52 952 824 570 891 765
637 268 402 276 917 87 153 987 668 221 800 544 290 354 422 102 881 369 630 248 893
389 135 7 10 396 786 211 467 789 790 926 990 545 548 485 314 317
1 388 136 776 783 161 433 184 955 189 574 830 447 961 576 61 829 710 455 199 966 206 207 81 465 723 83 982 598 474 605 611 613 746 885 118 886 634 123 124
514 709 659 788 661 664 28 349 31 932 484 492 813 175 753 50 948 436
705 453 657 724 597 853 344 89 986 989 93 360 553 104 235 301 370 372 696 442 191
896 846 15 787 533 405 663 539 935 616 681 169 303 371 694 444 510
513 391 520 775 19 279 922 923 669 546 930 677 41 814 689 946 315 60 577 579 324 582 849 850 340 213 726 217 223 991 866 100 362 494 625 758
387 773 645 648 11 140 272 277 791 280 794 799 564 185 837 463 977 342 727 601 347 734 740 999 759 112 241 375 120 249 762 764 890
197 203 460 600 537 606 478 992 737 228 744 489 874 747 495 757 504 187 636 62 127
384 192 193 774 968 458 970 844 586 78 337 914 339 728 731 607 864 98 869 233 938 749 953 250 507
258 450 260 903 777 651 269 665 160 609 876 877 302 889 378 638 511
2 772 329 522 74 971 981 918 472 226 551 682 110 945 825 443 575
641 132 261 517 647 326 907 142 792 670 101 870 300 47 879 623 818 626 242 499 501 374 888 58 255
706 585 75 16 983 549 806 165 807 294 426 49 497 114 569 571 573 894 445
322 262 902 202 718 784 80 592 534 220 743 622 51 563 181 572
195 906 406 919 281 25 348 860 671 736 673 933 940 692 566 183
640 65 3 6 839 201 781 143 913 531 852 411 158 862 929 420 295 172 431
898 518 9 843 12 717 145 785 274 530 21 215 473 730 925 224 230 103 617 745 557 624 754 755 121 763 380 254 383
547 167 168 299 811 941 815 944 947 182 568 441 59 190 319 960 835 707 454 77 205 847 976 722 212 725 988 477 97 481 995 867 225 353 231 488 105 490 234 875 493 238 239 496 880 756 126 639
