0 706
0 826
0 676
0 683
0 747
0 94
1 796
1 31
1 158
1 547
1 707
1 806
1 21
1 751
1 836
1 574
1 516
1 552
2 256
2 296
2 876
2 874
2 478
2 141
2 882
2 365
2 456
2 361
2 298
2 420
2 448
2 873
2 600
2 529
2 718
3 307
3 650
3 342
3 895
3 178
3 661
3 279
3 671
3 819
3 841
3 986
3 216
3 115
4 65
4 823
4 828
4 962
4 995
4 720
4 746
4 113
4 504
5 616
5 85
5 438
5 34
5 515
5 8
6 7
6 914
6 249
6 333
6 777
6 709
6 338
6 881
6 318
6 127
6 929
6 920
7 515
7 777
7 318
7 787
7 433
7 55
7 218
7 127
7 757
7 414
8 859
8 539
8 616
8 8
8 438
8 685
8 85
9 260
9 776
9 390
9 555
9 131
9 262
9 237
10 215
10 902
10 637
10 559
10 810
10 536
10 679
10 308
10 428
11 11
11 824
11 785
11 643
11 570
11 787
11 797
11 553
11 304
11 944
11 94
11 760
11 864
12 980
12 689
12 967
12 893
12 38
12 99
12 368
13 276
13 389
13 581
13 866
13 462
13 719
13 479
13 884
13 489
13 716
13 90
13 24
13 294
13 209
13 197
14 222
14 461
14 681
14 18
14 51
14 761
14 968
14 527
14 295
15 261
15 519
15 665
15 15
15 402
15 532
16 920
16 647
16 16
16 666
16 801
16 551
16 176
16 747
16 273
16 633
16 530
16 32
16 724
17 835
17 163
17 582
17 20
17 821
17 71
17 446
17 426
17 542
17 791
17 937
17 715
17 92
18 138
18 761
18 735
18 975
18 670
18 295
18 681
19 772
19 778
19 781
19 906
19 871
19 207
19 599
19 642
19 19
19 357
19 662
19 727
19 984
19 343
20 783
20 482
20 204
20 208
20 426
20 235
21 553
21 205
21 836
21 317
21 412
21 943
21 183
21 730
22 975
22 556
22 178
22 878
22 621
22 142
22 557
22 152
22 174
23 93
23 112
23 159
23 996
23 39
23 61
23 677
23 498
23 954
23 278
23 306
23 35
23 193
23 789
24 450
24 269
24 82
24 971
24 880
24 981
24 474
24 936
24 368
25 769
25 513
25 266
25 779
25 244
25 27
25 868
25 870
26 773
26 269
26 144
26 474
26 458
26 91
26 174
26 670
26 331
27 618
27 266
27 651
27 253
27 178
27 363
27 383
27 361
28 779
28 683
28 512
28 134
28 907
28 532
28 665
28 167
28 800
28 182
29 822
29 379
29 644
29 783
29 71
29 924
29 929
29 810
29 607
29 72
29 391
30 539
30 30
30 568
30 460
31 673
31 667
31 38
31 616
31 445
31 707
31 973
31 852
31 356
32 530
32 666
32 551
32 685
32 511
32 817
32 801
32 647
32 747
32 229
32 523
32 900
32 938
32 364
33 116
33 535
33 212
33 650
33 930
33 970
33 933
33 978
33 859
33 216
34 565
34 616
34 539
34 877
34 438
35 278
35 159
35 954
35 35
35 677
35 996
35 260
35 640
36 388
36 393
36 780
36 787
36 797
36 553
36 304
36 944
36 94
36 114
36 760
37 588
37 217
37 979
37 103
37 754
37 695
37 62
37 191
37 833
37 851
38 489
38 667
38 574
38 97
38 175
38 566
38 477
39 789
39 159
39 306
39 539
39 61
39 330
39 996
39 498
39 413
40 315
40 395
40 665
40 804
40 345
41 906
41 778
41 41
41 507
41 748
41 258
41 642
41 286
41 974
41 199
41 73
41 207
41 116
41 727
41 147
41 772
41 66
41 202
41 143
41 599
41 343
41 676
42 664
42 416
42 674
42 997
42 773
42 450
42 327
42 570
42 574
42 425
43 649
43 803
43 188
43 173
43 731
43 118
43 601
44 513
44 779
44 398
44 53
44 370
44 634
44 422
44 44
44 253
44 933
44 868
44 101
44 383
45 697
45 561
45 313
45 221
45 770
45 357
46 458
46 85
46 647
46 656
46 786
46 801
46 703
46 364
46 65
47 307
47 518
47 275
47 57
47 913
47 47
47 503
47 758
47 437
47 691
48 895
48 627
48 604
48 964
48 893
48 681
49 559
49 385
49 623
49 49
49 821
49 988
49 237
49 242
50 139
50 368
50 622
50 999
50 872
50 888
50 858
50 331
50 593
50 980
50 99
51 641
51 295
51 160
51 775
51 490
51 250
52 662
52 116
52 728
52 194
52 555
52 599
52 350
52 135
53 266
53 779
53 151
53 220
53 53
53 101
53 383
53 364
54 597
54 964
54 344
54 491
54 627
54 117
54 577
54 77
54 268
55 181
55 55
55 693
55 249
55 987
55 834
55 127
55 187
55 527
55 63
55 924
56 909
56 91
56 223
56 347
56 602
56 460
57 986
57 78
57 913
57 275
57 200
57 356
57 332
58 124
58 428
58 268
58 794
58 231
58 754
59 450
59 771
59 919
59 830
59 585
59 368
59 65
60 181
60 710
60 321
60 484
60 836
60 233
60 79
61 159
61 306
61 278
61 330
61 93
61 800
61 996
61 112
61 441
62 217
62 833
62 517
62 588
62 695
62 226
62 382
62 851
62 62
62 74
62 979
62 103
62 90
62 243
63 807
63 95
63 825
63 915
63 143
63 616
64 646
64 701
64 210
64 693
64 449
64 454
64 68
64 127
65 89
65 820
65 830
65 504
65 823
65 838
65 922
65 529
65 919
65 613
65 953
65 585
65 992
65 847
65 864
65 744
65 65
65 755
65 325
65 828
65 441
65 348
65 746
65 609
65 113
65 962
65 720
65 483
65 718
65 572
65 506
65 122
65 556
65 320
66 471
66 974
66 778
66 642
66 772
66 906
66 340
66 599
66 748
67 169
67 775
67 903
67 549
67 678
67 289
67 513
67 589
68 484
68 449
68 601
68 181
68 93
68 333
68 501
68 127
68 663
68 760
69 944
69 653
69 145
69 193
69 525
69 410
69 109
69 123
69 628
69 654
69 711
69 737
69 281
69 352
69 158
69 177
70 654
70 75
70 737
70 968
70 109
70 410
70 345
70 70
70 911
70 243
70 346
70 352
71 302
71 79
71 647
72 796
72 162
72 751
72 445
72 730
73 778
73 207
73 147
73 194
73 507
73 129
73 388
73 350
74 276
74 382
74 517
74 496
74 851
74 473
75 151
75 653
75 654
75 418
75 628
75 254
75 109
75 467
75 774
75 991
75 352
76 693
76 449
76 709
76 701
76 793
76 481
76 484
76 266
76 111
77 577
77 965
77 359
77 315
77 604
77 897
77 265
78 437
78 78
78 200
78 436
78 910
78 913
78 518
78 655
78 275
79 791
79 686
79 821
80 528
80 173
80 947
80 429
80 277
80 374
80 140
80 942
80 355
80 118
80 115
80 595
81 388
81 780
81 304
81 818
81 659
81 638
81 890
81 691
81 760
82 712
82 144
82 82
82 120
83 927
83 713
83 453
83 995
83 644
83 986
83 227
83 567
84 682
84 788
84 790
84 358
84 371
84 676
84 729
84 745
85 696
85 616
86 239
86 272
86 294
86 320
86 90
86 153
86 796
87 878
87 959
87 885
87 230
87 877
87 652
87 214
87 990
87 618
87 605
88 695
88 833
88 588
88 979
88 103
88 332
88 217
88 475
89 279
89 671
89 307
89 978
89 986
89 115
90 153
90 294
90 966
90 209
91 458
91 971
91 474
91 936
91 712
91 144
91 797
91 654
92 446
92 242
92 339
92 645
92 121
93 528
93 789
93 330
93 498
93 139
94 638
94 553
94 944
94 787
94 818
94 643
94 760
94 335
95 684
95 143
95 807
95 443
95 439
95 266
95 825
95 470
95 261
95 918
96 793
96 450
96 327
96 988
96 578
96 615
96 366
97 672
97 960
97 843
97 732
97 499
97 766
97 495
98 391
98 921
98 961
98 281
98 120
98 488
98 516
99 139
99 689
99 567
99 185
99 455
99 332
99 460
99 967
99 223
99 702
99 184
99 591
99 323
99 888
99 314
99 347
99 473
99 165
99 201
99 893
100 406
100 175
100 973
100 798
100 311
100 711
100 244
101 266
101 779
101 398
101 708
101 617
101 551
102 389
102 526
102 294
102 272
102 340
102 884
103 217
103 475
104 896
104 903
104 531
104 172
104 589
104 612
105 530
105 666
105 801
105 647
105 998
105 976
106 128
106 277
106 802
106 188
106 945
106 509
106 803
106 923
106 374
106 619
106 947
106 387
106 873
106 381
106 127
107 361
107 399
107 664
107 493
107 479
108 664
108 673
108 291
108 309
108 187
108 466
108 354
109 654
109 525
109 946
109 193
109 467
109 352
110 978
110 256
110 397
110 663
110 550
110 296
110 361
111 660
111 918
111 282
111 959
111 605
111 877
111 135
111 652
112 159
112 789
112 659
112 724
112 594
113 119
113 786
113 828
113 720
113 838
113 830
113 744
113 323
113 504
114 643
114 780
114 785
114 797
114 304
114 824
114 400
114 553
114 588
114 760
115 535
115 671
115 690
115 435
115 342
115 986
115 927
115 841
115 444
115 279
115 243
115 675
116 514
116 642
116 906
116 662
116 286
116 599
116 984
116 772
116 207
117 960
117 618
117 970
117 117
117 645
117 620
118 277
118 803
118 355
118 173
118 521
118 396
118 886
118 802
118 649
118 509
118 374
118 762
118 128
118 947
118 753
118 429
118 571
118 278
118 999
119 138
119 527
119 295
119 403
120 811
120 861
120 739
120 639
121 162
121 857
121 311
121 751
122 664
122 563
122 187
122 319
122 450
122 366
122 961
123 560
123 352
123 123
123 145
123 741
123 968
123 717
123 842
123 406
124 558
124 179
124 329
124 794
124 257
124 369
124 661
125 359
125 389
125 272
125 320
125 966
125 209
125 865
125 884
126 643
126 780
126 553
126 304
126 659
126 785
126 219
126 485
127 515
127 777
127 701
127 190
127 484
127 210
127 646
127 987
127 318
127 700
127 433
127 601
127 449
127 338
127 481
127 218
127 233
127 321
127 693
127 914
127 333
127 709
127 617
127 444
128 752
128 947
128 762
128 547
128 387
128 521
128 396
128 173
128 188
128 886
129 778
129 984
129 505
129 974
129 727
129 728
129 393
129 514
129 662
129 599
129 314
130 386
130 130
130 476
130 788
130 790
130 247
130 368
130 722
131 223
131 591
131 567
131 331
131 463
131 332
131 980
131 893
132 928
132 376
132 260
132 555
132 669
132 573
132 941
132 390
132 167
132 262
132 303
132 180
132 776
132 137
133 557
133 512
133 532
133 316
133 519
133 800
133 893
133 134
133 395
133 402
133 280
133 182
133 982
134 519
134 665
134 532
134 640
134 966
134 804
134 182
134 202
134 477
135 767
135 485
135 214
135 652
135 918
135 554
135 959
135 230
136 902
136 637
136 559
136 447
136 869
136 679
136 281
137 260
137 776
137 573
137 303
137 341
137 549
137 809
137 733
138 726
138 267
138 858
138 295
138 250
138 681
138 625
138 160
138 670
138 191
138 735
138 438
139 240
139 898
139 332
139 888
139 967
139 999
139 622
139 314
139 324
139 872
139 323
139 331
139 980
139 368
139 347
139 702
139 893
139 223
139 185
139 447
139 184
140 387
140 396
140 528
140 173
140 442
140 277
140 188
140 447
141 256
141 935
141 874
141 882
141 522
141 186
141 873
141 361
142 423
142 682
142 149
142 461
142 621
142 829
142 878
142 925
142 297
142 174
142 178
142 944
143 576
143 822
143 915
143 143
143 825
144 458
144 144
144 971
144 599
144 840
145 614
145 409
145 653
145 654
145 248
145 759
145 560
145 628
145 711
145 774
145 404
145 281
145 352
145 546
146 257
146 271
146 401
146 754
146 440
147 642
147 906
147 350
147 207
147 233
147 662
147 286
147 599
147 984
147 291
148 259
148 524
148 283
148 537
148 577
148 427
148 575
149 819
149 878
149 178
149 174
149 152
149 421
149 149
149 829
150 265
150 843
150 925
150 480
150 363
150 448
150 578
150 426
151 769
151 266
151 779
151 407
151 320
152 750
152 878
152 152
152 421
152 862
153 875
153 272
153 881
153 308
153 538
153 294
153 865
153 866
154 166
154 305
154 734
154 757
154 932
154 377
154 225
154 849
154 192
154 206
154 551
154 168
154 942
154 956
154 336
154 706
154 800
155 535
155 740
155 442
155 196
155 877
155 671
155 419
155 342
155 532
156 220
156 548
156 852
156 175
156 583
156 796
156 162
156 931
156 805
156 707
157 896
157 904
157 263
157 157
157 544
157 916
157 452
157 425
157 172
157 589
157 889
158 406
158 836
158 328
158 240
158 939
158 311
158 730
159 278
159 789
159 306
159 996
159 954
159 330
159 159
159 498
159 542
159 851
160 641
160 527
160 858
160 670
160 681
160 538
160 250
161 256
161 663
161 161
161 222
161 186
161 875
161 876
161 361
161 234
161 238
161 538
162 843
162 798
162 796
162 972
162 177
162 857
162 162
162 566
162 201
162 367
162 488
162 218
162 698
162 852
162 869
163 470
163 582
163 783
163 810
163 873
163 715
163 482
163 237
164 792
164 310
164 164
164 932
164 586
164 195
164 166
164 956
164 714
164 726
164 870
164 994
165 211
165 792
165 413
165 849
165 726
165 423
165 749
165 586
166 287
166 932
166 817
166 956
166 336
166 757
167 260
167 776
167 262
167 945
167 809
168 413
168 849
168 932
168 586
168 726
168 680
168 225
168 888
168 336
168 252
169 789
169 988
169 301
169 600
169 450
169 376
169 997
170 387
170 528
170 629
170 374
170 762
170 721
170 293
170 179
170 346
171 664
171 391
171 921
171 281
171 171
171 494
171 900
171 380
171 856
171 978
171 195
171 863
171 739
172 362
172 678
172 425
172 544
172 903
172 508
172 564
172 434
172 784
172 312
172 950
172 896
172 284
172 408
172 289
172 889
172 549
172 775
172 612
172 534
172 509
172 575
172 631
173 802
173 510
173 629
173 189
174 420
174 461
174 174
174 421
174 698
174 178
174 862
174 878
175 412
175 836
175 857
175 943
175 667
175 852
175 205
175 406
175 626
175 939
175 445
175 831
175 552
175 177
175 973
175 356
175 183
175 805
175 798
175 695
175 322
176 786
176 273
176 551
176 685
176 530
176 232
177 658
177 946
177 798
177 566
177 183
177 852
177 730
178 750
178 993
178 829
178 862
178 878
179 308
179 428
179 814
179 754
179 179
179 401
179 853
180 527
180 295
180 681
180 624
180 478
180 250
180 446
181 709
181 321
181 265
181 190
181 710
182 397
182 395
182 533
182 280
182 251
182 756
182 800
182 532
182 316
182 907
182 519
182 965
182 456
182 202
182 477
183 406
183 451
184 196
184 869
184 567
184 999
184 184
184 622
184 967
184 702
184 630
184 872
184 893
184 332
184 966
184 693
184 460
184 368
185 850
185 185
185 577
185 460
186 663
186 365
186 565
186 361
186 234
186 936
187 481
187 932
187 540
187 571
187 309
187 399
187 493
187 450
187 674
187 892
187 319
187 668
187 988
187 997
187 615
187 934
187 300
187 793
187 291
187 376
187 736
187 673
187 990
187 925
187 366
188 277
188 803
188 619
188 753
188 222
188 400
188 629
188 374
189 266
189 779
189 929
189 189
190 515
190 693
190 501
190 542
190 709
190 233
191 517
191 226
191 382
191 484
191 833
191 217
191 369
192 480
192 287
192 932
192 942
192 336
192 305
192 469
192 586
193 648
193 654
193 352
193 840
193 598
193 274
193 653
193 988
193 468
193 299
193 656
194 772
194 781
194 662
194 341
194 199
194 727
194 984
194 350
194 838
195 236
195 887
195 739
195 639
195 326
195 494
195 488
195 900
195 863
195 765
195 452
195 354
195 891
195 322
196 602
196 671
196 442
196 713
196 243
196 705
196 661
196 926
196 453
196 895
196 342
196 986
196 217
196 295
196 992
196 775
197 572
197 828
197 579
197 771
197 504
197 744
197 723
198 676
198 697
198 826
198 879
198 958
198 770
198 221
198 706
198 198
199 642
199 906
199 207
199 286
199 505
199 854
199 465
199 599
200 200
200 437
200 910
200 518
200 436
200 836
200 275
200 582
201 796
201 707
201 328
201 852
201 931
201 836
201 667
201 201
201 993
202 532
202 665
202 280
202 804
202 441
203 288
203 385
203 446
203 791
203 937
203 806
203 482
204 662
204 590
204 963
204 470
204 446
204 409
205 412
205 299
205 445
205 806
205 327
205 730
206 837
206 586
206 545
206 305
206 792
206 942
206 687
206 336
206 726
206 252
207 662
207 599
207 984
207 728
207 238
208 715
208 820
208 847
208 529
208 696
208 755
209 655
209 294
209 966
209 716
209 866
209 881
209 389
209 272
209 209
209 865
209 884
210 709
210 338
210 701
210 405
211 265
211 795
211 960
211 704
211 975
211 603
211 215
212 535
212 671
212 419
212 734
212 986
212 216
212 895
212 714
212 242
213 433
213 228
213 426
213 821
213 937
213 686
213 636
213 791
213 302
213 824
214 918
214 605
214 611
214 812
214 485
214 877
215 795
215 448
215 606
215 480
215 495
216 342
216 243
216 740
216 307
216 978
216 930
216 926
216 216
216 827
216 682
217 851
217 217
217 979
217 833
217 517
217 588
217 475
217 678
218 701
218 777
218 484
218 249
218 338
218 646
218 250
218 349
219 672
219 960
219 590
219 469
219 457
219 480
219 219
219 448
219 495
219 531
220 266
220 779
220 928
220 833
220 272
221 336
221 676
221 561
221 697
221 694
221 706
221 879
221 221
221 315
221 492
222 528
222 923
222 222
222 396
222 762
223 689
223 332
223 591
223 980
223 446
224 734
224 842
224 715
224 848
224 784
225 586
225 459
225 336
225 373
225 587
225 252
225 492
226 276
226 695
226 833
226 475
226 607
227 902
227 536
227 227
227 447
227 679
227 308
228 415
228 384
228 658
228 288
228 548
228 427
229 901
229 938
229 647
229 389
229 362
230 540
230 652
230 918
230 959
230 605
230 990
230 767
230 282
230 290
231 391
231 921
231 322
231 856
232 256
232 296
232 478
232 238
232 298
232 563
232 361
233 646
233 701
233 987
233 262
233 764
234 873
234 361
234 256
234 365
234 772
234 695
235 644
235 937
235 715
235 911
235 237
236 780
236 391
236 739
236 464
236 354
236 785
237 970
237 783
237 937
237 963
237 842
237 339
237 242
238 874
238 365
238 361
238 807
239 520
239 535
239 285
239 927
239 978
239 986
240 926
240 667
240 796
240 730
240 328
241 384
241 259
241 283
241 427
241 948
241 282
241 794
242 385
242 783
242 898
243 926
243 671
243 978
243 749
244 412
244 445
244 852
244 730
244 796
244 706
245 862
245 324
245 900
245 391
245 464
245 612
246 687
246 897
246 657
246 491
246 351
246 688
246 527
247 925
247 497
247 790
247 334
247 592
247 594
248 654
248 352
248 346
248 944
248 353
249 433
249 701
249 710
250 403
250 490
250 625
250 735
250 360
250 292
250 840
250 800
251 496
251 261
251 402
251 800
251 477
252 287
252 586
252 336
252 726
252 463
252 305
252 252
252 849
252 423
252 440
252 760
252 648
253 266
253 407
253 928
253 868
253 870
254 654
254 543
254 467
254 352
254 737
254 725
254 573
254 531
255 622
255 790
255 334
255 722
255 855
255 300
256 655
256 296
256 365
256 298
256 550
256 882
256 935
256 580
256 478
256 456
256 873
256 688
256 256
256 876
256 397
256 420
256 361
256 609
256 615
256 988
256 663
257 257
257 814
257 562
257 428
257 794
257 905
257 516
257 691
257 329
257 853
257 754
258 642
258 350
258 465
258 505
258 748
258 401
258 286
258 599
258 727
259 384
259 891
259 832
259 912
259 270
259 575
259 414
259 427
259 752
260 834
260 669
260 546
260 341
260 303
260 699
260 417
260 260
260 645
260 262
260 809
261 387
261 633
261 800
261 907
261 402
261 477
262 465
262 262
262 341
262 390
262 632
262 834
263 664
263 904
263 508
263 903
263 896
263 950
263 589
263 635
263 312
263 994
263 408
263 544
263 434
263 784
263 564
263 608
263 284
263 486
263 263
263 425
263 982
263 512
264 405
264 860
264 844
264 894
264 542
264 617
264 905
264 917
264 487
264 569
265 970
265 495
265 457
265 614
265 795
265 704
265 982
265 820
266 870
266 496
266 928
266 985
266 779
266 370
266 651
266 290
266 266
266 357
266 868
266 407
266 617
266 634
266 769
266 513
266 383
266 768
266 422
266 527
266 987
266 929
267 641
267 360
267 490
267 852
267 681
267 625
267 280
268 319
268 853
268 271
268 766
268 317
268 754
269 712
269 458
269 971
269 773
269 412
269 660
269 474
270 908
270 981
270 763
270 948
270 832
270 537
270 679
270 288
270 548
270 427
271 978
271 794
271 619
271 428
271 691
271 853
271 369
272 509
272 389
272 620
272 320
272 430
272 392
272 526
272 881
272 581
272 272
272 865
273 632
273 362
273 656
273 693
273 666
273 799
274 945
274 442
274 653
274 654
274 752
274 717
274 352
275 518
275 503
275 437
275 275
275 436
275 774
276 517
276 588
276 475
276 866
276 494
277 945
277 429
277 947
277 521
277 444
277 381
278 996
278 559
278 789
279 520
279 596
279 827
279 740
279 317
279 671
279 705
279 986
279 356
279 504
280 963
280 907
281 855
281 391
281 921
281 432
281 856
282 990
282 767
282 783
283 363
283 908
283 659
283 288
283 839
284 425
284 784
284 289
284 635
284 904
284 811
284 589
285 498
285 535
285 602
285 911
285 927
286 778
286 635
286 599
286 391
287 714
287 586
287 757
287 430
287 545
287 336
288 642
288 995
288 658
288 414
288 891
288 948
288 537
288 575
288 288
288 981
288 908
288 832
288 524
288 427
288 441
288 548
288 839
289 531
289 983
289 610
289 889
289 830
289 425
289 608
290 779
290 870
290 768
290 811
290 985
290 868
290 496
291 909
291 399
291 416
291 674
291 466
291 450
291 615
292 641
292 527
292 858
292 670
292 742
292 624
292 403
292 545
292 295
292 681
292 760
292 776
293 757
293 714
293 837
293 305
293 463
293 423
293 310
293 586
293 459
293 336
294 897
294 884
294 462
294 489
294 581
294 454
294 719
294 538
294 294
294 320
294 951
294 881
294 430
294 392
294 966
294 479
294 716
294 526
294 725
294 620
294 866
294 298
294 337
294 953
294 983
295 750
295 403
295 670
295 858
295 899
295 761
295 624
295 527
295 625
295 464
295 808
296 397
296 663
296 478
296 580
296 300
296 522
297 421
297 461
297 682
297 621
297 750
297 840
297 815
297 829
297 878
297 899
298 935
298 882
298 580
298 483
298 873
298 361
299 836
299 626
299 806
299 730
299 869
300 416
300 424
300 988
300 934
300 940
300 301
300 571
300 409
300 736
300 399
300 668
300 793
300 349
300 500
300 541
300 451
300 535
300 319
300 450
300 366
300 783
301 668
301 988
301 684
301 563
301 450
302 410
302 937
302 607
302 302
302 940
302 963
302 554
303 507
303 776
303 546
303 733
304 393
304 522
304 787
304 557
304 553
304 643
304 388
304 764
304 760
304 818
304 944
304 533
304 349
304 931
305 792
305 545
305 680
305 336
305 726
305 525
305 358
305 903
306 677
306 996
306 628
307 927
307 827
307 859
307 835
307 986
307 740
308 902
308 637
308 447
309 664
309 563
309 600
309 793
309 934
309 895
309 376
309 641
310 680
310 413
310 956
310 757
310 491
310 714
310 586
310 336
311 474
311 631
311 796
311 929
311 445
311 730
312 351
312 896
312 903
312 425
312 589
313 556
313 561
313 313
313 455
313 492
313 404
314 702
314 368
314 473
314 332
314 999
314 324
314 460
314 593
315 709
315 768
315 952
315 758
315 955
315 867
315 964
315 351
316 640
316 533
316 800
317 558
317 562
317 814
317 962
317 754
318 515
318 693
318 732
319 536
319 563
319 411
319 668
319 450
319 883
319 653
320 881
320 479
320 951
320 581
320 538
320 392
320 966
320 454
320 719
320 716
320 670
320 865
321 693
321 701
321 709
321 848
322 765
322 488
322 863
322 887
322 326
322 589
323 955
323 898
323 567
323 593
323 630
323 702
323 368
323 826
323 744
324 473
324 872
324 622
324 331
324 460
324 593
324 347
324 893
325 529
325 828
325 919
325 693
325 847
326 957
326 511
326 391
326 913
326 739
326 639
327 664
327 340
327 376
327 416
327 674
327 411
327 497
327 563
327 600
327 940
327 571
327 632
327 615
327 694
327 404
328 381
328 566
328 445
328 521
329 766
329 794
329 691
329 977
329 754
329 723
330 789
330 954
330 996
330 330
330 587
330 711
331 339
331 455
331 689
331 473
331 460
331 332
331 347
331 368
332 980
332 888
333 700
333 701
333 491
333 338
333 432
334 386
334 729
334 788
334 722
334 592
334 745
334 372
334 594
334 337
334 989
334 502
334 334
334 566
334 953
334 371
335 668
335 775
335 589
335 610
336 792
336 956
336 837
336 587
336 545
336 413
336 373
336 734
336 423
336 932
336 680
336 714
336 849
336 377
336 586
336 459
336 440
336 942
336 726
336 336
336 967
336 422
336 611
337 831
337 584
337 476
337 614
337 745
338 338
338 877
339 963
339 810
339 385
339 570
339 896
340 664
340 540
340 345
341 645
341 776
341 675
341 904
342 926
342 671
342 415
342 740
342 713
342 602
342 835
342 978
342 565
343 599
343 662
343 656
343 537
344 463
344 957
344 758
344 969
345 653
345 654
345 684
345 352
346 654
346 911
346 410
346 467
346 840
346 845
346 352
346 938
347 460
347 593
347 872
347 658
348 529
348 919
348 962
348 847
348 720
349 409
349 813
349 450
350 662
350 778
350 710
350 871
351 515
351 952
351 451
351 964
351 491
351 867
351 657
351 351
351 604
351 758
351 955
351 889
352 648
352 653
352 654
352 845
352 468
352 711
352 418
352 737
352 404
352 977
352 543
352 741
352 911
352 410
352 525
352 595
352 628
352 467
352 598
352 850
352 946
352 854
352 352
352 560
352 774
352 969
352 717
352 759
352 968
352 958
352 423
352 823
352 817
352 985
353 920
353 724
353 799
353 801
353 949
353 364
353 703
353 511
353 647
353 656
353 589
354 900
354 464
354 856
355 619
355 396
355 629
355 752
355 923
355 374
355 355
355 762
355 711
356 852
356 730
356 751
356 857
356 707
356 574
357 768
357 769
357 779
357 868
357 496
358 790
358 476
358 989
359 451
359 955
359 577
360 899
360 527
360 625
360 735
360 754
361 704
361 663
361 550
361 365
361 478
361 655
361 688
361 874
361 456
361 873
361 875
361 580
361 935
361 882
361 361
361 420
361 701
362 647
362 938
362 949
362 799
362 656
362 551
362 801
362 747
362 685
363 513
363 779
363 398
363 965
364 753
364 666
364 551
364 938
364 993
364 530
364 801
364 589
365 655
365 478
365 874
365 550
365 753
366 575
366 664
366 673
366 813
366 816
366 450
366 997
366 466
366 541
366 526
366 608
367 805
367 547
367 852
367 928
367 395
368 702
368 898
368 999
368 888
368 591
368 893
369 984
369 401
369 691
369 811
369 766
370 768
370 779
370 398
370 929
370 868
370 383
370 758
371 729
371 855
371 592
371 790
371 492
372 457
372 584
372 502
372 790
372 476
372 916
373 413
373 956
373 586
374 374
374 629
374 762
374 410
374 826
375 664
375 541
375 416
375 674
375 563
375 450
375 540
375 985
375 632
376 541
376 450
376 615
376 892
376 571
376 563
376 673
376 668
376 549
377 923
377 423
377 680
377 586
377 543
378 835
378 978
378 986
378 995
378 749
378 463
379 732
379 654
379 946
379 717
379 595
379 759
379 633
380 391
380 921
380 452
380 739
380 480
381 923
381 753
382 695
382 475
383 870
383 868
383 634
383 398
383 567
383 907
384 763
384 414
384 658
384 912
384 891
384 839
384 448
384 908
384 467
385 599
385 821
385 963
385 924
385 846
386 855
386 729
386 637
386 788
386 790
386 594
386 502
387 762
387 752
387 396
387 803
387 947
388 631
388 414
388 780
388 812
388 557
388 944
389 966
389 489
389 620
389 462
389 389
389 610
390 809
390 834
390 555
390 390
390 403
390 776
390 733
390 894
391 961
391 782
391 464
391 639
391 432
391 739
391 856
391 861
392 581
392 881
392 479
392 725
392 951
392 738
392 830
393 764
393 557
393 631
393 659
393 944
393 427
393 787
393 553
393 760
394 905
394 844
394 894
394 917
394 394
394 542
394 989
395 640
395 756
395 510
395 402
395 533
395 800
396 923
396 664
396 528
396 753
397 758
397 456
397 688
397 882
397 873
397 875
398 520
398 769
398 779
398 868
398 768
398 407
398 929
398 415
398 985
399 674
399 793
399 974
399 450
399 466
399 645
400 797
400 818
400 812
400 890
400 638
400 757
400 553
400 557
400 944
400 760
401 516
401 766
401 752
402 512
402 477
402 665
402 510
402 804
402 907
402 431
402 532
402 976
402 519
402 756
402 533
402 509
402 829
403 550
403 899
403 641
403 787
403 670
404 653
404 654
404 593
405 894
405 905
405 569
405 405
406 566
406 626
406 412
406 667
406 831
406 707
406 973
407 779
407 741
407 928
407 743
408 784
408 916
408 903
408 775
408 635
408 983
408 544
408 589
408 876
408 486
409 909
409 668
409 493
409 563
409 450
409 632
410 653
410 654
410 525
410 741
411 892
411 934
411 664
411 416
411 544
411 816
411 450
412 938
412 796
412 973
412 852
413 792
413 440
413 423
413 680
413 956
413 935
414 740
414 908
414 912
414 575
414 852
414 605
415 927
415 671
415 841
415 859
415 986
415 749
415 719
416 668
416 813
416 514
416 450
417 776
417 645
417 733
417 639
417 809
417 699
418 654
418 598
418 840
418 519
418 741
419 671
419 602
419 526
419 986
420 435
420 663
420 935
420 873
420 875
420 876
420 568
421 862
421 989
421 682
421 815
421 878
422 778
422 769
422 651
422 929
423 792
423 726
423 837
423 586
424 772
424 664
424 541
424 736
424 673
424 526
424 500
425 455
425 950
425 608
426 901
426 963
426 582
426 470
426 636
427 524
427 658
427 981
427 832
427 891
427 537
427 763
427 613
427 790
428 516
428 562
428 814
428 691
429 802
429 753
429 429
429 930
429 854
430 719
430 951
430 932
430 966
430 707
431 788
431 533
431 800
431 780
432 782
432 900
432 887
432 861
432 739
433 777
433 987
433 601
433 701
433 709
434 903
434 534
434 608
434 998
434 962
434 889
435 650
435 661
435 535
435 690
435 895
435 933
435 986
435 812
436 910
436 913
436 436
436 701
437 910
437 913
437 503
437 684
438 616
438 565
438 568
438 782
439 576
439 915
439 439
439 886
439 807
440 803
440 545
440 849
440 701
440 956
440 714
440 459
440 967
441 922
441 820
441 529
441 838
441 723
441 746
442 671
442 933
442 690
442 986
443 807
443 808
443 822
443 825
443 915
443 806
444 520
444 535
444 927
444 930
444 684
444 986
444 893
445 931
445 973
445 869
445 939
445 836
445 751
445 557
446 570
447 536
448 991
448 672
448 670
448 704
448 975
448 971
449 515
449 646
449 777
449 701
449 831
450 668
450 816
450 664
450 540
450 909
450 466
450 600
450 615
450 493
450 563
450 940
450 673
450 997
450 500
450 736
450 541
450 883
450 988
450 571
450 497
450 450
450 892
450 602
450 630
450 686
450 979
451 897
451 952
451 964
451 743
451 604
451 867
451 615
451 965
452 871
452 900
452 921
452 961
452 488
452 583
452 833
452 856
452 739
453 520
453 650
453 596
453 930
453 606
453 978
453 986
454 951
454 966
454 716
454 865
455 689
455 593
455 888
456 663
456 580
456 832
456 873
456 875
456 951
457 499
457 606
457 618
457 991
457 970
457 732
458 971
458 660
458 773
458 474
458 712
459 586
459 942
459 726
459 545
459 686
460 898
460 567
460 967
460 702
460 980
460 460
460 630
460 616
460 696
461 815
461 862
461 852
462 650
462 526
462 966
462 865
463 714
463 587
463 716
464 583
464 856
464 987
464 887
465 906
465 662
465 599
465 507
466 541
466 587
467 628
468 759
468 774
468 648
468 823
468 526
469 795
469 578
469 499
469 495
469 480
469 901
470 783
470 937
471 906
471 662
471 599
471 984
471 974
471 514
471 748
471 676
472 795
472 661
472 535
472 978
472 543
472 883
472 755
473 654
473 593
474 660
474 474
474 936
474 773
475 695
475 475
475 588
475 977
475 630
476 962
476 722
476 922
477 905
477 804
477 982
477 512
477 533
478 663
478 868
478 873
479 951
480 578
480 590
480 732
480 991
480 843
480 672
480 499
480 925
480 721
480 654
481 777
481 914
481 701
481 484
482 848
482 636
482 570
482 754
483 713
483 820
483 723
483 609
483 585
483 823
483 529
483 922
483 538
483 504
483 506
483 990
484 700
484 484
484 693
484 802
485 885
485 554
485 485
485 877
486 589
486 486
486 869
487 905
487 542
487 487
487 781
487 569
488 739
489 716
489 881
490 527
490 670
490 899
490 490
490 767
491 743
491 628
492 676
492 561
492 556
492 697
492 971
493 524
494 558
494 523
494 921
495 975
495 970
495 960
495 499
495 550
496 928
496 868
497 599
497 909
497 940
497 615
498 789
499 960
499 603
499 991
499 975
499 704
499 499
499 773
500 997
500 748
501 693
501 501
502 788
502 722
502 729
502 876
503 518
503 913
504 771
504 847
504 504
504 823
504 953
504 720
504 864
504 820
504 609
504 992
504 744
504 595
505 778
505 599
505 984
506 953
506 718
506 613
506 756
507 662
507 599
507 772
507 514
507 781
508 827
508 916
508 549
508 678
509 649
509 947
509 945
509 636
510 671
510 800
510 982
511 523
511 786
511 920
511 685
511 949
512 640
512 705
512 800
513 513
513 868
513 651
513 913
513 779
514 727
514 871
514 970
514 599
514 644
514 519
515 709
516 691
516 766
516 558
516 977
516 794
516 853
517 588
517 979
517 879
517 833
517 851
518 617
518 910
518 518
518 913
519 633
520 596
520 846
520 535
520 827
520 604
521 521
521 802
521 753
521 886
521 908
521 923
521 629
522 643
522 818
522 780
522 797
522 553
522 557
522 944
523 747
523 685
523 666
523 920
523 938
524 537
524 524
524 746
524 908
524 548
525 624
525 653
525 854
525 654
525 911
526 865
526 565
526 751
527 899
527 761
527 670
527 742
527 527
527 624
527 735
527 949
528 945
528 619
528 803
528 802
528 727
529 771
529 744
529 922
529 919
529 585
529 720
530 703
530 666
530 709
531 889
531 904
531 950
531 994
531 589
532 800
533 970
533 804
534 775
534 950
534 916
534 909
535 705
535 986
535 926
535 927
535 690
535 827
535 995
535 758
535 857
535 978
535 586
536 902
536 679
537 908
537 537
537 763
538 927
538 581
538 966
538 865
538 884
539 696
539 568
539 656
540 668
540 892
540 632
540 988
540 708
541 779
541 664
541 793
541 950
541 934
541 816
542 721
542 894
543 654
543 968
543 741
543 977
544 775
544 904
544 916
544 589
545 587
545 849
545 942
545 877
545 956
545 586
546 645
546 776
546 809
546 941
547 931
547 667
547 858
547 805
547 707
548 908
548 658
548 839
548 692
548 575
549 610
549 589
549 998
550 655
550 663
550 688
550 873
550 875
551 786
551 920
551 703
551 724
552 667
552 798
552 566
552 726
552 707
553 910
553 643
553 890
553 553
553 557
553 824
553 812
553 944
553 784
554 652
554 767
554 959
554 877
555 586
555 776
555 675
555 699
555 573
556 676
556 879
556 561
557 787
557 557
557 659
557 643
557 780
557 760
557 944
557 824
557 799
558 794
558 811
559 679
559 982
560 654
560 598
560 969
560 976
561 561
561 879
561 697
561 683
561 770
561 729
561 826
562 811
562 814
562 817
562 853
563 571
563 940
563 892
563 997
563 816
563 600
563 883
563 701
564 896
564 678
564 637
564 589
565 616
565 959
566 939
566 707
566 574
566 931
566 778
566 973
566 852
566 730
567 567
567 593
567 999
567 893
568 568
569 905
569 917
569 860
569 844
569 796
569 894
570 644
570 791
570 810
570 582
571 909
571 664
571 674
571 735
572 886
572 919
572 585
572 615
572 828
572 746
573 776
573 675
573 834
573 665
574 798
575 912
575 575
576 807
576 708
576 825
576 915
576 576
576 692
576 822
577 897
577 952
577 957
577 577
577 964
578 672
578 925
578 657
578 590
578 975
578 603
579 823
579 613
579 962
579 591
579 847
580 663
580 830
581 966
581 865
581 798
582 924
582 856
583 782
583 957
584 908
584 940
584 733
584 788
584 832
584 722
584 729
584 765
585 864
585 660
585 847
585 720
586 933
586 792
586 734
586 849
586 932
586 726
586 757
586 779
587 606
587 680
587 837
587 956
587 599
588 695
589 678
589 889
589 608
589 916
589 994
589 896
589 589
589 903
589 635
589 933
590 795
590 970
590 732
590 618
590 672
590 614
591 630
591 591
592 884
592 790
592 670
592 594
592 722
592 729
593 694
593 967
593 999
593 898
593 593
593 714
594 745
595 850
595 977
595 717
595 845
595 730
596 926
596 835
596 885
596 986
597 897
597 952
597 743
597 692
597 684
598 774
598 653
598 654
598 969
598 980
599 772
599 906
599 778
599 748
599 642
599 871
599 662
599 781
599 727
599 599
599 728
599 984
599 974
599 856
600 664
601 777
601 710
602 705
602 676
602 986
602 749
602 793
603 732
603 982
604 627
605 652
605 918
605 959
605 877
606 975
606 721
607 738
607 623
607 644
608 775
608 889
608 998
609 919
609 720
609 746
609 864
609 847
609 609
610 814
610 904
610 678
611 672
611 848
611 918
611 611
611 877
612 775
612 983
613 802
613 828
613 962
613 744
614 614
615 816
615 793
615 972
616 616
616 953
617 768
617 769
617 868
618 728
618 925
618 991
618 843
618 810
619 649
620 865
621 837
621 682
621 815
621 829
621 862
622 893
623 701
623 937
623 636
623 735
623 685
624 972
625 899
625 625
626 667
626 798
626 805
626 730
627 657
627 918
628 653
629 886
629 629
629 927
630 671
630 805
630 893
631 956
631 944
632 664
632 673
632 674
633 988
634 779
634 687
634 988
635 865
635 775
636 813
636 736
636 791
636 738
637 679
637 637
638 742
638 643
638 780
638 785
638 948
638 944
638 760
638 825
639 921
639 856
639 639
639 960
640 976
640 907
640 800
640 804
641 899
641 670
642 778
642 974
642 727
642 642
642 662
642 984
643 785
643 764
643 818
643 780
643 660
643 944
644 924
644 937
644 715
645 941
645 669
645 699
645 776
645 675
645 809
645 834
646 693
646 673
647 712
647 685
647 786
647 953
647 938
647 949
647 861
648 845
648 977
648 759
648 654
648 969
649 752
649 910
649 947
650 740
650 978
650 986
650 895
650 663
651 659
651 687
652 877
652 652
652 885
652 718
652 959
653 969
653 977
653 845
653 654
653 741
653 911
653 850
653 711
653 783
654 977
654 968
654 774
654 737
654 969
654 759
654 717
654 850
654 654
654 854
654 946
654 911
654 751
654 741
655 882
655 874
655 663
656 666
656 801
656 799
656 949
656 724
657 952
657 867
657 889
657 957
657 964
657 965
658 891
659 912
659 780
659 787
659 824
659 760
660 960
660 880
661 819
661 930
661 895
661 705
661 926
661 715
661 671
661 933
661 713
661 978
661 749
662 778
662 728
662 906
662 727
662 968
952 994
957 981
960 960
963 996
967 996
972 998
973 978
973 973
974 974
975 992
981 983
983 983
988 996
990 990
998 998
