#/home/georgia/Documents/Local_exp/LFR.py
# GMT Fri Mar 29 09:54:34 2019
# 
0 1417 1523 256 0 388 618 355 1450 898 1998 861 1510 619
1 1372 329 1322 378 1999 1067 1682 809 1598 1607 116 476
2 1723 1940 213 44 587 183 1421 1419
3 406 1811 17 681 1274 267 398 213 1680
4 338 82 1061 1450 1911 1640 92 1909 337 479 137 1823 1733 1623 871 1135
5 76 1727 1861 1065 1025 1374 41 815 757
6 863 856 74 183 1046 1079 1474 629
7 714 456 1536 1288 1213 830 14 1070 476
8 1759 771 589 30 1179 410 844 136 1451 1977
9 643 1260 349 130 588 1627 77 496 1250 1132 417
10 1280 332 96 502 987 1100 275 1865 982 932
11 1643 1843 752 639 1043 1904 1981 1880 1717 854 1110 1234 574 11 63 464 361 1010 444 896 1736 1900 384 1389 946 491
12 1087 1461 671 1254 194 523 1307 293 1319 1009 1281 1427 1684 1324 528 569 1168 1861 888 1433 1333
13 157 567 1710 609 1348 114 1485 1447 1229 357 294 1381 1356 851 1451 678 1752 738
14 1792 777 1152 841 726 1585 1340 1786 1555 1455
15 779 1338 620 1770 1672 1317 931 1866 392 477 1539 424 1067 149 1781 1825 1803 1839 258 15 756 1377 1973 1994 148 1426 1400 429 1305
16 109 646 1591 493 373 1412 773 1000 625 1896 1809 1221 796 26 1029 1920 1313 1710 807 966 1143 767
17 1674 166 1925 398 315 188 1215 304
18 899 1156 524 792 1258 265 804 1579 1518 1015 513 521 1418 674 1695
19 827 1134 1732 56 1203 685 280 713 278 382 1878 1905 1659
20 965 145 1304 172 1174 336 424 153 47 1881 1012 1530 1941
21 1939 583 684 1449 310 938 1081 166 693 443 204
22 317 1985 985 484 93 1438 298 1752 464
23 391 25 421 1398 201 1820 1545 174 1496 766 585 221 570 944 23 455 816 762 1552 1141 1507 825 837 1445 1066 196 451 568 1283 1384 1386
24 1676 1303 1175 1004 131
25 1935 1386 1030 955 666 1496 1631 421 221
26 1412 773 1591 1627 796 50
27 1742 1908 27 1414 188 1058 939 59 959 320 465 480 1388 1011 195
28 923 1728 618 1921 944 1998 619
29 527 539 483 1568 1878 1615 1827 372
30 1793 1179 30
31 581 257 520 1930 177 802 498 395 279 1698 509 425 1521 175 1364 1284 1926 418 415 52 79 1826
32 900 155 1670 490 1455 556 1592 1095 193
33 1806 655 339 33 49 1365 994 111 478
34 222 230 1466 1460 262 1580 754
35 1818 1318 75 1339 514 370 541 1714 1979 192 35 1597 823 1051 1209 128 567
36 1154 194 1531 211 1825 1216 1418 1964
37 1936 146 1560 1443 1407 62 1233 1359 58 538 1723 1040 1868 1343 1013 1657 1328 1581 1893 1969 598 936 508 660 606 121 1612 37 1775 220 573 196 269
38 1924 266 396 1556 669 516 689 878 1903 894 1290
39 1990 70 978 235 487 1360 303 1606 1498 1888
40 167 933 1034 1935 934 1831 984 217 1119
41 994 1256 313 453 862 227 1600 1780 1891 438 1065 186 1727 1628 1566 373 195
42 1027 1798 734 1864 1902
43 150 918 1959 169 435 1738 800 45 1171 1931 296 1354 1467 949 675
44 515 1925 267 1164 1849 587 1369
45 1169 1692 1567 1699 1959 787 1088 48 299 490
46 1769 905 1694 1572 1705 1661 1107 198 557 373 947 1090 844
47 145 1304 1012 1420 1396 143
48 1169 1171 1567 800 169 918 1404 1498
49 1806 889 849 274 994 380 1409 837 339 224 1136
50 902 1556 669 1658 627 364 1903 443
51 1163 916 503 822 1836 1782
52 386 1682 187 1484 998 565 730
53 1670 906 155 1592 780 1154 922
54 1925 1811 1685 1960 1174
55 903 1550 407 692 271 1349 317 1771 733 308 433
56 1795 1680 1057 811 1203 1206 1994 1273
57 1687 276 57 420 1709 1619 545
58 1328 508 1359 154 1723 1751 220 866 740
59 939 480 110 334 1128 1011 320 1002 1115 1388 1247 1802 1742 959 465 1882 237 59 323 987 1448 1908
60 745 432 1730 1543 623 362 1669 264 852 468 882 1970 184 103 712 1271 604 800 1044 737 1382
61 140 261 903 1551 1550 1553 692 317 1698
62 1560 1443 1723 1657 936 598 1025 965 740 524 539
63 896 1043 1843 1716 444 574 854 1110 946 1987
64 1267 1225 529 807 1334 390 1743
65 768 1807 545 433 1701 1017 65 1816
66 1050 1202 66 939 580 1610 86 348
67 654 1812 231 835 874 1368 985 1394 379
68 908 1330 387 450 1219 128 1355 1486 1385
69 1415 953 1724 1474 1535 629
70 1846 1662 1363 706 760
71 1810 305 443 1616 684 1063 1018
72 682 275 1085 830 577 1288 314 1070 1320
73 1216 1925 398 1940 1164 73 1214
74 1198 953 1212 1474 629
75 514 282 805 943 1339 1599 1783 214
76 165 1975 443 684 467 938 1709 1224 1018
77 1989 1915 245 1648 588 1425 370
78 819 1419 560 1499 890 1845
79 923 1458 1973 1961 974 1804 1042 1728 682 1622 1956 469 187 1957
80 1975 1724 1474 1576 1699 1524
81 1538 650 275 1308 202 1781 1008
82 1037 1565 1623 1112 489 1759 1515 1278 1864
83 543 1973 437 244 1676 915 821 676 1067 884
84 158 1442 433 731 1716 760
85 1192 1558 1827 1347 951 600
86 542 1202 580 584 1153 1777 1526 1172 807
87 388 262 898 277 1020 1510 88 1032 540 732 1629 284 1706
88 133 1921 618 1265 376
89 1268 426 1074 314 210 352
90 1301 284 543 463 205 1458 108 431 90
91 1549 1621 1630 367 845 454 327 615 1375 332
92 663 1823 1733 1942 1759
93 780 1939 663 155 165 1592 1650 1215
94 1798 775 1952 1575 1864 660 1787
95 1428 668 1199 1090 189 1219 1661
96 650 275 1308 202 990
97 137 1194 1733 988 1759 790 1515 877
98 943 282 1126 1870 292
99 1050 580 584 1526 1422 1777
100 1333 1935 526 1302 1476 1471 343
101 1243 1706 301 954 1084 183 614 891
102 1282 525 539 1568 690
103 1946 144 168 945
104 1792 1555 122 104 1462 1389 208 225 1108 841 726 1144 1455 1877 206 661 1589 1585 397 1340 1138 566 1760 1734 838 777 1461 813 200
105 1070 1085 476 180 126 959
106 1558 1181 1236 578 171 1249
107 1958 1479 1244 161 1395 715 707
108 1804 915 284 1458 1973 974 1876 1913 756 768 1053
109 384 506 1582 1424 911
110 1414 143 1115 1002
111 272 339 1806 1565
112 1536 1085 1470 476 605 1315
113 1284 395 1698 1521 1411 1968 509
114 739 157 1695 1348 1381
115 574 774 1101 1624 222 997 1767
116 1606 386 359 200 1517 602 1720 565 1916 187 1835
117 1673 468 1730 168 264 1666
118 664 978 1176 977 1519 1397 1533 955
119 1856 651 1170 148 1576 807
120 303 963 968 458 453 425
121 1050 1936 1560 1443 740
122 1792 397 1555 1152 726 838 1777
123 141 662 1049 1992 1892 865 269 1120 1501 785 1967 927
124 649 532 276 1561 173 1390 1693 124 760
125 896 1716 444 1736 946 247 1516
126 1070 830 448 948 314 180 1906 672
127 979 1065 313 1722 495
128 1446 128 1680 531 1186 685 1711 1273 433
129 1305 129 1342 488 891 1586 1528 318 614 1316 1215 636 790 1706
130 389 1287 1739 1261 249 1434 1875 1240 1118
131 783 151 1420 1651 1133 1829 1922 310 1584 894
132 1624 426 972 719 1929 710 1646 1070 448 209 605
133 906 704 1670 663 1949 1592 1360
134 1022 1174 1934 290 296 145 1881 1396 252 1682 665 1374
135 1751 877 409 1273 548 893 1858
136 771 311 1300 613 1036
137 1114 877 983 398 1565 1823 1194 956
138 1035 549 1497 1351 1659 649 1676 1173 1282 1615
139 1198 505 1064 1323 973 926 1068 940 1837
140 1583 1008 1468 1280 275 951 982 347 1499
141 269 530 1440 1889 662 233 141 1570 1501 428 156 865 1111 1655
142 879 1283 903 1553 1681 1670 1551 692
143 1802 143 1128 939 465 480 916
144 1543 564 184 892 168 623
145 1934 223 145 1012 252 1174 1530 172 1140 281 1799 1396 1022 442 178 290 153 1295 652 565 392
146 458 508 789 168 535 1560 1443 1723 740 1117
147 1761 1879 1136 400 272 914 726 874 242 636
148 673 709 1290 651 1432 941 1856
149 1426 620 1770 1317 1493 1825 931 477 1768 1400
150 1931 1171 1465 1699 296 800 203 1692 1959
151 1542 783 1922 1297 1133 372 894 1420 1059 1829 1614 1566 250 725 1368
152 976 902 1556 1924 1095 630 1658 1519 1733
153 1799 1295 178 1174 442 281 1304 221
154 1363 825 1686 1155 723 1838 1707 753 1945 501 154 848 893 1869
155 900 1592 1670 490 165 441 906 1848 1005 1508 1576 1962 1807
156 269 1049 530 156 1120 876 1892 693 813
157 567 1710 1356 1719 609 1201 1718 1695 679 738
158 1564 1323 1157 512 1535 870 969 161 1466 1626 1395 1315 422 1848 1460 697 715 1195 1958
159 1121 321 186 159 1600 495 1891 1139 1065 195 1991
160 897 637 1750 1884 1330 1833 836 975 327 1408 958 1867 1221
161 1327 1556 806 1157
162 971 1047 1948 1689 1233
163 844 768 1928 1683 537 1056 433 1077 1481 760
164 1809 599 164 1420 1297 1969 894 1151
165 1670 1423 1949 167 1592 1626
166 749 642 793 1709 467 1449 204 1191 1967 1554 613 443 707 1890
167 1670 906 780 850
168 483 1669 1673 852 1984 1767 1730 481
169 1169 787 1567 800 296 435 1738 918 1465 1959 377
170 1428 668 1778 659 1289 1371 557 1785 613
171 897 187 602 1190 1181 606 379
172 1295 1174 290 1881 1530 223 281 925
173 1548 1264 1561 226 173
174 267 1030 1552 243 1384 812 221
175 1926 1546 1698 1411 1364 1276 1521
176 1165 1808 547 1986 239 957 843 1917 895
177 1935 1926 1930 1698 216 1521
178 1304 1881 442 1032 336 1012
179 442 455 969 1276 1013 971 1620
180 1536 937 1074 948 1288 1350 1297 605
181 387 581 1073 1385 196 445 1219 1397
182 798 934 687 1302 696
183 300 1198 1079 1093 953 1594 1724 1474 629 1400 1206
184 269 1543 1970 1330 1984 1500
185 393 1175 482 222 1624 259 1352 720 847 859 997 1131
186 1604 1717 438 195 1256 757
187 386 1547 1682 1819 329 1999 359 1598 860
188 304 315 1164 267 817 1722
189 1796 911 1572 980 1766 1090 198 1309
190 1486 445 698 673 1128 1542
191 538 386 1547 1682 267 1916
192 772 1339 1597 632 1103
193 1496 1793 817 1279 589 1977 403
194 1168 1087 1216 1154 644 340 194 1341 1813 1461 523 1095 1281 1427 1502 1361 263 1805 1433 1253 528 1674 1178 569 763 1067 995 646 418
195 648 227 757 478 1727 1991 862 1430 1861 1239 195 453 1025 1628 1121 313 438 1722 382
196 1030 1873 221 1386
197 689 1844 962 312 786
198 795 905 1679 1289 1403 1972 517 1778 634 1708 1964 1796 1317 1746 1661
199 1912 1312 1444 833 1914 501 1248
200 1682 329 1819 1769 809 1999 1517 1943 798
201 1777 1154 1820 421 1386 1545 766 944 1486 221 1246
202 1308 951 724 377 990 1349 1667 552
203 1794 1912 1444 833 1859 869
204 642 1810 305 1590 443 707 1709 1275 1191 1616 1577 1473 1859 933 467 1358 1975 1967 1018 1047 710 365
205 1676 1804 1961 1973 607 485 459 1956 876 1441 1913 615 1097 244 1393 368 205 1150 1095 1238
206 397 1555 1589 1251 1790 1760 1607 349
207 1180 1485 1201 1106 793 738 1381
208 1340 1108 1555 566 1877 1389 690 726
209 1921 388 553 262 1629 1020 1504 355 1973
210 1184 1844 333 1494 513 472 1391
211 1154 1813 1333 569 1216 1361 1254
212 1050 542 552 1202 580 1993 584 1228 1618 212 348 1777
213 1720 515 267 398 1296 1960 1685 1709
214 264 591 852 712 737 1729 1172 432 468 575 1647 623 1271 1529
215 411 1798 775 1353 892 343 1245 1787
216 1280 650 1166 275 764 990 1004
217 687 984 665 550 819 822 1133
218 1034 1678 1435 1831 819 1476
219 682 463 219 1702
220 789 1443 1581 1723 1097
221 1030 391 243 666 816 1398 1955 924 824 837 429 570 1210 1545 944 766 1820 1066 1704 221 1092 1371 1173 772 1489
222 1175 859 1379 1767 997 482
223 442 1530 1174 764 252
224 658 889 510 1189 1136
225 1555 1734 726 838 833 905 1716
226 1561 1046 276 402 1144 631
227 1908 1991 862
228 387 1800 1822 694 1850 1219 1385 383 868
229 737 324 969 1244 414 1475 754
230 512 291 324 1479 969 1958 1269
231 1438 1827 1368 1263 379 1725 1625 381
232 1542 783 831 1584 1829 1832 1133 1151
233 1666 269 1049 1966 1501
234 529 916 1702 1559 234
235 686 1223 1195 1125 1660 1930 891
236 915 1429 1321 736 1023
237 562 1802 1115 1388
238 1682 1819 1547 860 1832
239 1006 1046 1687 239 631 251
240 1159 1327 1335 1744 596 1886 1259 729
241 259 393 1767 1004 1303 1624 241 1452
242 1677 672 1136 849 1797 928
243 1705 1704 825 1384 1386
244 1441 682 1345
245 1434 588 1875 349 1250 388
246 1407 1064 1323 1068 884
247 1392 896 444 464 854 885
248 836 975 920 1840 1621 1867 1789 845 327 1217 781 1506 447 1854
249 1543 264 1970 564 1984 481
250 1660 1466 1584 831 1133
251 768 1291 1442 433 1488 1641 1525
252 336 281 1731 1420
253 902 1556 795 670 1603 717 878 1903 630 1658 1044 788
254 998 827 1816 1578 633 1621 667
255 928 1755 1927 674 942 695 693
256 618 355 647 288 898 540 1689
257 1587 930 1284 434 1926 1930 1698 1521
258 1867 1377 1539 1803 1041 392 1672 931 1338 1781
259 1004 950 1624 1630 774 1767
260 1167 1902 1204 1772 260 1286 1757 1512 622 633
261 800 769 1681 1283 1639 317 405 271 1553 1938 407 1550 1551 261 1828 1454 1466 903 652
262 659 473 553 1284
263 1009 1253 523 671 1896 1943 1178 1087 1216 1254 763
264 1543 882 1382 945 331 554 575 1984 1729 737
265 1805 513 1156 1797 1801 782 1294 973 1558
266 643 1924 902 407 1556 878 1658
267 1658 515 1925 1164 406 315 1296 398 587
268 1135 390 1456 374 895 1917 1031 957 1165 1093 1933 1131 653 1986 843 1928
269 1153 1666 1509 1889 428 269 530 1892 765 865 1570 1049 662 1440 1966 363 1444 1992 350 397 1618
270 1005 1769 329 1372 359 378 1682 1598 602 1607 701 1755 809 1322
271 769 903 317 1371 1551 1828
272 1409 1677 1761 1227 981 1567 914 919 672 1158
273 1475 1815 706 1758 1958 1333 1849 1216 1254 1009
274 295 1806 380 889 1879 1495 849 1603 917 818
275 1166 377 982 347 1028 1468 1894 1467 1308 961 1595 496 1667 724 1349 1369 332 990 502
276 532 1264 1548 1835
277 898 388 1504 277 1998 1510 619
278 1574 674 399 459
279 1411 520 395 1930 1180 1521
280 531 479 813 1273 1134 1419 548
281 1934 1295 1174 1140 1978 290 1530
282 514 1209 1963 960 1818 430
283 1686 1189 864 848 1399 1945 1941 723 955 1516 1149
284 1676 876 915 1458 543 1308 1973 736 513 953 444
285 1745 1806 1879 889 397 1227
286 1655 1400 770 1290 356 299 286 1953 941 751 1711
287 1814 893 886 611 1557 1249 384 1582 801
288 529 500 1976 1817 916 1100 807 822 1016
289 1099 1290 651 1170 1917 941 751
290 335 1637 1174 949 1980
291 584 904 1371 1619 1315 517 324 1945
292 1373 1749 1327 842 1990 1335 1997 1744 448
293 1154 1674 1298 1427 1009 909 1087 706 1696
294 679 1072 1106 1380 738 1510
295 1050 542 1774 1788 552 1583 1202 1459 584 314
296 1692 1959 296 451 1738
297 1027 927 1057 409 920 685 1858 594 382
298 1181 1438 578 1457 1523
299 574 1693 770 1413 1170 1197 941 1856 751
300 1576 322 1129 1731 507 1852 785 1897 1474 629
301 790 1305 1706 705 1274 325 721 1845 614 891
302 652 1037 910 394 725 1464 761
303 686 968 681 963 1387
304 1960 406 1902 1369
305 793 933 1735 1018 627 443 583
306 1050 552 1202 1788 1933 580 584 1228 348 1963
307 529 916 807 703 1342 1346
308 1419 1378 709 729 970 1635 1741
309 638 399 409 1057 983
310 1554 933 1967 1029 443 707 583 1018 1263 1665
311 1289 1540 1668 1179 817 1816 1021
312 689 1844 375 1790 511 330 1897 359 1820
313 896 321 1121 1729 1991
314 1582 404 948 1536 710 714 1100 830 352
315 515 681 1940 315 398 1858 619
316 1823 1909 1112 338 1698 834 1733 1759 877
317 903 1551 1938 1553 692 1681 1283 1828 1639 1456
318 1305 1706 818 1845 832 1490 1513 1401
319 1184 1786 1790 1830 1492 333 744 1304
320 1306 956 323 1247 1742 1023 1115
321 1386 815 1780 862 1430 321 1861 341 1991
322 1794 1415 1079 953 595 617 526 1474
323 1937 956 959 1742 854 465 1011
324 1958 904 512 422 1395 1315 754 414 1848 324 989 969 1454 1626 810 739 914 1619
325 790 1305 1706 818 614 891
326 1050 542 1202 580 348 1714 584 1777 916
327 1417 929 1211 958 1373 781 485 1621 1804 886 1282
328 993 421 1326 531 1305 1585
329 1547 1682 1819 1598 1484 970
330 794 664 689 546 1494 744 758 1916 1358
331 1760 1444 833 1982 1235 759 869 1650 601
332 650 1308 987 1595 444 755
333 1830 689 1483 750 794 1325 335 1897 1320 499 828 1642 1573 1494 1335 1435
334 1802 1058 939 956 465 480 1128 1011
335 1325 828 1098 1897 335 1320 750 1887 1653 365
336 1934 1295 1524 1881 1022
337 1823 1733 1405 1623 1524 1759 1135 1137 1278 775
338 1823 1194 1733 983 1759
339 914 1879 1677 380 994 1871
340 1281 1154 1943 1387
341 841 1763 341 1376 622 633
342 1419 797 560 971 1741 1437 729 863
343 1319 775 1952 1575 1353 1111 734 1690 708 1245 1787
344 1046 1561 1693 420 1078 512
345 1415 1576 1079 953 1474 629
346 1305 1845 826 840 1308
347 1467 1255 789
348 1050 542 580 597 1033 584 1993 1228 1526 1726 1608 1652 1618 1777 1193 627 1601
349 389 645 1196 1989 1875 1240 1648 1739 593 1287 935 1380 486 1946 351 913 1260 1915
350 662 1889 865 1324 1527
351 1090 1434 1989 1875 1915
352 1536 476 993 1149
353 1560 642 1967 1975 443 707
354 1223 1498 1238 1846 686 1378 996
355 1921 1400 619 1536
356 510 1413 1170 356 751
357 1932 678 679 1485 1232 1752 738
358 1536 404 1070 568 456 1112
359 1918 565 1291
360 541 1597 1220 1870 1103 1373 783
361 556 896 444 574 1010 1110 846 1480 458 1698
362 945 1729 1987 468 481 1580
363 1049 1966 908 1992 865 595 1663 836
364 958 643 1556 669 776 1924 482 878
365 443 1967 1449 642 613 1554
366 389 1118 1383 979 811
367 781 1452 1463 1211 572 1867 975 1375 1094 1476 1071
368 641 915 1429 1188 1458 1097 997
369 1156 1801 521 1418 1700 1518 899 624 632 536 524 792 995 1006 513 973 1066 1335 1746 1706
370 823 1209 541 1597 1978 803
371 687 371 1045 1218
372 783 1297 1584
373 1412 646 1029 1896 492 493
374 653 1054 711 1093 1907 1532 895
375 664 689 1593 1898
376 1510 619 473 647 540 696 1838 548
377 1280 650 1308 1467 1349 982 990 961 1166 1642 1007
378 386 1682 1819 1720 860
379 1827 1721 1236 1523 546 1569 764 985 654 1192 1837
380 966 1605 914
381 1645 1985 1368 450
382 1415 1680 594 1273 1878 1407
383 445 1219 1355 1385 1527 673 1142 1073 1611 1850 781 1697
384 1898 1424 1814 506 1337 1056 1193 1582 735
385 1176 1127 525 539 851 1537 690 1890 494
386 730 701 1598 386 565 809 1916 1408 1819 1547 1918 602 1999 1322 1607 860 1737 728 1923 1682 1800 477
387 1075 466 1850 1822 1527 1355 581 450 991 698 800 949 1219 1385
388 1357 1510 540 732
389 1938 486 1257 1739 593 1287 1446 1434 1946 588 1875 1260
390 1048 1093 1031 843 547 1456 1347 1917
391 1210 391 728 1545 1564 924 1955 421 955 1299
392 947 1426 1922 1672 779 1067 1839 1866 477
393 1087 1819 1131 720 667 1175 1624 482 997 1767 1442
394 1464 1659 1644 394 1204 419 1351
395 1411 1926 913 727 1698 520 489 1930 1826 1521 1270 1062
396 878 1874 638 1607 1556 1658 1965
397 1792 1251 566 1555 1585 1462
398 1038 515 406 1925 1369 1811 398
399 1823 827 1718 927 548 811 579 1860 531 1185 1711 1273 1206 1332 813 479 404 1861 1057 1858 594
400 1458 1819 1806 914 641 919 1136 1516
401 683 401 1871 1686 1273
402 466 532 420 631 581
403 543 768 558 1573 1525 1442 433 1077 760
404 948 972 1924 1070 476
405 769 1283 903 1551 1550 1828 692 1639
406 1685 406 1963
407 903 1551 1300 1828 1639 533
408 1036 589 408 1310 730 1451
409 1143 931 1875 531 1203 563 1332 668 1186 685 579 1905 1273
410 1793 1036 1158 1540 1331 1279
411 1520 1119 411 1831 687 819 1487 476 1185
412 1932 1695 1348 678 1101 1752
413 529 703 500 867 1439 1320 807 1743
414 1423 1294 843 422 1995 810 870
415 1230 1930 1284 1255 418 1698 1521
416 763 660 1560 606 1723 1291 1443 1957
417 554 768 1291 1442 1753 1077 1950 1701 558 544 1161 1044 1928 1525
418 520 509
419 910 1037 1173 1385 700
420 1548 1046 1687 1561
421 1557 1801 1198 455 748 1384 1994
422 697 1315 1763 715 1244
423 522 909 1302 1001 665 1280 819
424 1803 1825 931 1448 1067 1338 477
425 1479 1930 1737 1472
426 1313 1149 1536 1906 1646 948 1929 1070 456 972 1100 1470 1522 476
427 1726 1823 1061 1851 1715 1733 988 1759
428 662 1049 1698 1892 1663 1144
429 1850 1030 1545 1564 1071
430 1314 1323 942 940 440 1130 695 884
431 1956 1393 1301 872 607 1622 447 437 485
432 668 1533 1673 604 449 1987 575 1382 1394
433 768 1442 1291 1753 544 537 820 1641 1077 1406 1161 446 1187 1448 786 1237 1950 731 760 1481 1928 1082 1525 558 1807 1488 1044 1701 1039 1573 1017 545 534 433 1677 1106 1594
434 1041 1686 1689 814 1478 1505 753
435 1169 1692 1959 1481 1738 1205
436 1706 1401 818 474 1489 601 1370 891
437 543 1961 922 1331 847
438 1628 1239 862 960 1722 1861 478 757
439 1289 1679 1705 947 1482 747 1785 1137
440 1927 926 1314 942 1837 884 1014 1382
441 1670 906 1423 1949 1592 441 556 1983
442 1799 1012
443 1709 693 1616 1577 1224 1859 684 467 583 793 1735 1975 1275 1554 960 1191 1018 1358 443 1449 933 642 1590 1473 1988 480 566
444 896 1834 1043 1717 1110 1234 946 1716 683 1643 1843 574 1010 1904 452 444 1480 885 464 1736 639 846 1659 752
445 692 581 749 1611 673 466 1800 1486 949 1073 1059 1219
446 722 768 1807 1442 760
447 1712 1379 1586 1101 997
448 937 1070 830
449 1194 631 1673 1984 1996 1335 468 1382 623 1162
450 1073 694 457 749 1611 673 1850 450 1219 1397 1142 753
451 686 1223 1238 1363 487 458 1147 770 742
452 552 683 1981 574 1717 1480 901 1234 854 1123 1643 752 885
453 987 1430 1861 478 495
454 1417 920 929 572 1217 958 1873 1810 1445
455 1428 1129 1545 1066 570 824 825 585 1410 1386
456 1070 1213 1100 990 605
457 1075 1219 1611 705
458 963 1606 1223 1498 1387
459 1676 1345 469 1728 1441 1210 1521
460 1682 1565 1823 1450 1194 1733 1112 871 1515
461 1183 1945 1177 753 501 1477 461 1436 1246
462 531 713 548 1186 594 1257
463 1301 485 1097 922 1876 1928 615
464 896 1842 1717
465 959 1011 1908 465 1002 1384
466 1822 1219 986 1733
467 684 922
468 945 604 1543 712 1529 1669 468 591 623 650 1725 481
469 682 847 1445 1524 1929
470 1664 1937 722 1508 1788 741 1511 803
471 1814 1715 1099 1557 893 735 1056 1582 1038 511 1679 1279 1204
472 801 1438 853 1368 985 1293 1968 1523 1977
473 553 1998 647 1069 1504 743 619
474 790 1706 818 1866 1401
475 1189 1516 1841 1477 1746
476 1896 1008 1070 1085 830 1906 605 1288 1350 948 1149 1470 1929 476 1100 714 568 738
477 1539 1672 931 1317 1338 1866 620 1331 887 779 1839 1803 1825 1781 1477 1400
478 1861 1991 862 478 815 1722 1430 1065 1891
479 1194 1309 1186 811 685 594 1273
480 1115 1388 1414 1058 908 1908
481 1984 737 712 575 1729 554 1669 852 1262 1172 1271 481 1677
482 859 1352 701
483 1282 1537 690 1568 525 1890
484 1688 1544 1438 546 1827 1980 1086 1236
485 1458 1973 1372 1913
486 1182 675 1875 812
487 1105 1888 1243 1282
488 1305 1706 826 832
489 1289 668 1055 557 1972 1090 1107 1661
490 900 906 1423 1592 780
491 1843 1717 574 1692
492 646 1809 1896 1591 767 1313 1920 966 1868 493 1143
493 1412 796 1029 1534 1000 767 1313 1143 1190
494 1282 1942 1636 612 1568 551 527 1537 1615 494 1890 1971 777 1203
495 629 1861 1239 1628 862 648 1716 757
496 640 1166 1308 987 496 1028 1026
497 1671 1937 1252 741 1514 1306 1791 664 1146 1875 571
498 583 1571 1698 1521 498 1992
499 1320 828 1786 1790 499 750 702 1593 1901 1494 1098 744 1646 1615 1355
500 1923 1163 656 529 916 807 1743
501 833 1681 1047
502 650 1467 1007 961 1610
503 656 529 916 807
504 833 1235 504 835
505 1362 1034 1935 665 934 1520 984 1575
506 1873 1764 1814 1715 893 1086 1639
507 1198 688 1079 1474 1779 629 1952 1858
508 872 1657 1560 538 1443 1723 740 1664
509 1411 1930 1826 1926 509 696
510 672 849 981
511 1099 886 1655 1582 511 1764 1988 611 1249 1715 1604 1214 1331 736
512 963 1160 1460 1594 1580
513 624 632 1015 804 1006 521 524 1801 513 1156 1294 1579 1940 1985 853
514 1098 1649 943 1209 1051 741 1285 1714 1103
515 1940 681 1204 1925
516 1836 1563 638 795 1658 1707 902 1556 878 1798
517 1029 1708 905 1416 668 1649 1055 557 1746 1661 1161
518 1453 1069 1222 1749 767 1335 1744 650 1164 1383 1101
519 1823 1215 1845 1855 1084 943 788 1706 1490
520 1284 1737 802 527 1930 1826 1698
521 899 1156 624 1752 1418 792 973 1497 1597
522 964 1883 1080 1041 1119 1019 1034 1045 829 1476 984 1016
523 1216 1502 1475 1274 569 763 1743
524 1156 1015 536 1700 973 899 792 1418 804 995 1518 534
525 1282 1942 1531 1063 1636
526 1678 798 1862 892 1924 1081
527 1983 1971 1127 635 596
528 1281 1154 528 1684 1254
529 1133 710 1413 1702 1148 1439 1743 1965 1023 807 1016 703 573 1782 656 1776 657 1270 1469 1817 1207 814 1944 1346 1976 1697 718 1334 822 596 1306 1665 690 916 1559
530 1931 1666 908 991 662 1049 1501 1259 535 1905 1305
531 1680 531 813 1185 811 1732 1860 713 1905
532 782 1548 547 1046 1687 631
533 1664 1671 1357 1675 586 1508 1511 1773 930
534 768 1039 1807 1237 1082 667 1442 1573 1641 760
535 740 1868 965 1560 1443 1192 1723
536 1801 1579 1518 1404 1700 973
537 768 1044 820 1187 1161 1323 1442 1641 760
538 1560 1633 621 1443 1581 1723 1540 1832
539 1537 1063 1568 1282 1890 690 1983 635
540 1779 618 647 898 1868 619
541 1285 1318 1051 1583 1714 576
542 1033 1050 584 1652 1726 597 542 1040 1202 580 1610
543 1301 922 1441 1913 974 682 1393 1429 838
544 1526 768 1807 1950 545 544 820
545 768 1683 820 786 1753 1442 1481 1641 760
546 1200 1601 1394 1645 1697 1721 1985
547 1443 1031 1808 1824 895
548 878 1511 927 1206 1680 1871 594 1905 1273
549 1035 1038 549 700 1351
550 1831 1392 1001 784 1311 1380 1883
551 1282 1537 551 1266 1615
552 1050 1060 879 1583 1202 580 1993 584 1180
553 898 1705 732 861 619
554 1172 591 1382 1984 1500 604 1262
555 897 1840 1330 1452 560 1833 975 943 1332
556 1422 1949 1670 850 799
557 905 907 1661 1199 1694 1218 1778 1679 728 839 1972 568 1785 1568
558 768 1807 1442 806 1481 1641 760
559 559 1739 1380 1196 1567 1250
560 1419 797 571 1513 1076 971 879 1620
561 1007 1155 1625 1853 1231 1374 561 1844 1246
562 1812 1558 1438 1394 1721 600
563 1186 1446 685 1456
564 1857 1669 1291 1271
565 1769 976 1598 1916
566 1792 1589 1108 1912 1340 1877 916
567 1719 567 1789 738
568 1070 973 605
569 1154 671 1281 1849 1815 1796 706 763
570 1445 944 666 837 1337 1994
571 1949 1419 1122
572 897 1452 1630 1867 836 1789 1136
573 1703 1520 1078 1139
574 1517 896 1716 1717 885 1123 1842 1880 1010 752 1981 1736
575 805 1673 945 585 1984 1503
576 1051 943 1963 1103 1209 1870 1339 1126 805 1318 1221
577 1536 1070 830 972 1646 760 710
578 654 1569 1236 1019 1741
579 811 685 1332 813 1206 1948 1860 594
580 1033 1050 1202 1610 1652 1526 1993 1608 1777 597 1618 1060 1774 1583 1000 1151 1500 584 1461
581 1075 694 1219 1385
582 774 1303 1712 997 742 1101 1004
583 1173 933 1358
584 1050 1202 1993 1610 1774 1526 1618 1033 1583 1459 597 1060 1788 1652 1608 584 1228 1777 879 1726 1201 1231
585 621 944 816 926
586 1233 1160 1821 719 977 1511
587 1296 1042 945
588 645 1425 1230 1648 1989 935 1434 1287 1383 1875 1241 1768 1260
589 1540 1310 817 1021
590 1211 1453 1335 1113 1922 1744 1749 855 1118
591 1669 1673 1970 1500 1508 623
592 778 1453 1335 1069 1113 1609 1744 1083 1749
593 1560 935 1287 1081 1875
594 1680 811 827 594 1711 1860 1878 685 1309 1134 1446 1332 1186 1057 1175 604
595 1222 1198 1079 850 746 1522 629
596 1335 1997 1125 842 1188 1886
597 1202 1993 1777 1788 879 1618 1583 1748
598 1560 1443 1723
599 1723 1419 971 1122
600 1438 853 1236 1086 1019 1551
601 1026 1444 801 1339 1782
602 1682 1598
603 1154 1813 706 1362 1281 1158 1560 1616 623
604 1669 1970 1984 1730 1402 1080
605 816 1536 1288 1070 830 1100 824 1149
606 1723 1013 740 1893 1505 1791
607 641 1804 1188
608 1576 1198 688 1079 1212 1474 629
609 678 679 1752 1356 851 1099
610 1228 1163 916 718 1627
611 1582 1715 735 893 1988 1495
612 690 1890 1127 1615 1282 1601
613 1554 793 1735 1018
614 1305 1586 1845 696 614
615 1441 1876 872 674
616 1821 938 1303 1352 859
617 1198 1474 1212 1360 1833 1524 629
618 861 1504
619 732 619 1998 861 1629 1740
620 650 931 1317 1781 1768 1825 1770 1539 1803 1377 620 847
621 1443 1192 1723 1581
622 1947 1204 1024 1757 1167 1436 1902 1816 1052 622
623 1970 1673 1543 945 1729 882 1172 1262 1730 669
624 1591 899 1156 1418 792 1579 1426 1762
625 1809 1221 1534 1704
626 1794 1026 801 1444 833 1235 869
627 1924 902 1556 795 1903 1658
628 1438 1086 1347 1968 1473 657
629 1415 1594 1117 1198 1474 1524 688 1576 1522 1779 1129 856 1360 1003 1079 746 1731 1852 785 863 629 953 1291 998 1869
630 902 776 1556 669 878 1276 1658
631 1687 1242 1693 1337 1390 1175 1702
632 1876 1156 1801 1700 995 1218
633 662 1757 1376 1902 1204 1024 633 1816 1763 1286 1931 933
634 1428 668 1055 1708 747 1956 1661
635 1585 1282 690 1568 943
636 919 981 874 1124 1745 849 1433
637 958 1833 1789 1417 1345 845 1373
638 1715 1924 717 878 1658
639 896 1842 846 752
640 961 1280 1595 1894 678 1349 1836 1348
641 1959 1441 1728 847 641 1956 1321 1723
642 1191 1449 1709 750 1554 1473 655 1262 1566
643 1903 1924 1556 1563 795 878
644 1684 1815 1849 1087 671 1461 1254 1105 1805 1361 763
645 1627 1261 1138 1989 1875 979 1240
646 773 1896 966 935 796 1313 1891
647 1295 1110 1921 1366 1998 1629
648 819 1628 1780 1632 1991
649 649 910 1351
650 1280 1468 961 1894 1008 650 951 1007 1166 1145 1255 982 987 1910 1865 1440 1467 990
651 1953 1197 1432 1290 1083 1250 941 751
652 1497 761 1644 1464 1173 700
653 925 1795 1165 1093 653 1808 1456 843 1917
654 1645 1985 967 1968 795
655 794 1484 1136 917
656 1427 1163 822 1207 1944 1469 657 1697 1817 718 1162 708 916 807
657 1163 1148 916
658 658 1365 1642 917 1124
659 1796 1954 1266 1694 659 1428 1055 1107
660 1657 1040 965 791 1560 1443
661 777 1555 1152 1734 1585 1108 1279 1877
662 1153 1666 1049 1120 1992 765 865 1509 1570 1592
663 900 1670 799 1950
664 758 750 1790 1901 828 698
665 909 1302 934 993 1831
666 1409 1141 837 1701 1820
667 768 1481 1187 1039 1442 1641 1017
668 1416 668 1090 1703 1778 1954 980 1055 1747 1266 1199 1650 844 1972 839 1107 1344 1365 1270 1974 1746 1661 1880 1829
669 1494 1662 902 1924 1563 1836 1603 1903 795 1637 1152
670 1924 878 1874 795 1150 1637 1658
671 1154 1674 1684 1168 1324 1281 1298 841 1087 1254
672 914 889 874 921
673 1800 1219 673 1850 937
674 1913 1665 1314 695
675 1507 1946 1230 1989 979
676 1034 1935 784 798 1435 1793 1831 819 1354
677 1897 1653 1320 689 1981 702 962 944 1835
678 1695 1447 1180 679 1232 1381 1503 680 738
679 1072 1106 1752 1229 1710 1719 851 1683 1447 1348
680 1695 680 1760 1447 1719 1106 1752
681 1925 1296 883
682 1301 907
683 1981 1010 1110
684 1967 1577 897
685 1057 1732 1186 1203 1878 713 1185 1680 813 1134 1711 1156 806
686 742 978 1915 963 1606 1105
687 1811 1935 1302 1435 1034 1177 829
688 1415 1198 1724 1117 1731 892 1079 953 1474 884 1729
689 1325 1844 750 962 1483 1786 702 1790 1901 809 1127 1887 1088 1283
690 1166 1282 1615 1890 1942 745 1247
691 1159 1327 1587 1541 1593 1335 1749 1886 1259 903
692 1551 1550 1553 769 1681 1771 903 1938 1425
693 1616 1859 1473 1358
694 860 1800 1822 1075 698 726 1219 1142
695 782 1314 884 1835 1130 1962 940 1755 926 1329 1479 1872
696 1483 833 1316 1855 942 1401
697 1626 1315 1122 715 1244 754
698 1800 986 749 1611 1219 1787
699 928 1314 1064 1323 1068 1329 884 1014
700 1497 1748 1003 1644 1785
701 1923 1682 1872
702 1184 1844 962 886 1792 1191
703 1115 1163 1299 916 807 1976 1782
704 780 1592 1422 850 1670 906 1949 1939 1327
705 1372 790 1305 1493
706 1254 1064
707 1443 1975 1735 1577 1007 1018
708 775 1690 1952 1798 999 1136 1111 1245
709 1419 1437 971 1513 1741 721 1765
710 919 1536 937 972
711 1421 1986 1824 1268 843 895
712 1669 1543 1673 1984 1996 1047
713 827 1057 813 1905 1134 1203 834 1273
714 1647 1213 937 1939
715 810 1617 1460 1740 1754 1997 1619
716 1511 1838 1478 1625 1047 1155 1850 1246
717 776 1556 1924 941 878
718 1682 1539 916 807 1334
719 1085 830 1179
720 1712 950 1352 1101 1624 1824
721 1419 1741 1139 970 729 1054 1052
722 1538 1664 1773 722 1519 1431 883 1252 1675 1226 1821 1791
723 849 1941 1890 1273
724 1538 1667 1467 1865 987 990 1025
725 1033 1997 1103 1419 1437 1481
726 777 1555 1455 1340 1585 1877 1315
727 1104 1411 1284 1930 1926 1364 1740
728 905 1679 1428 1055 745
729 1419 971 1741 1437 1491
730 1923 1682 1819 1372 1547 1527 1769
731 1807 1442 1077 1641 760
732 1998 1558 861 1510
733 1474 935 1027 775 1952 1613 1245 1787
734 775 1952 1111 1109 1741 1762 1787
735 1214 1557 1193 1099 1056 1988 735 1655 893 1397 760
736 1676 1042 1321 1345 876 1188 1893
737 1984 1172 1987
738 1180 1381 1710 1932 1201 1695 1232 738 851 1485 1348 1752 1530 1442 1922
739 1361 1794 833 1863 1094 852
740 1443 1723 1482 1343 1328 1233 1192 1016 1147 1638 1546
741 1937 1431 1508 977 1306 1511 1176 1533 1773 1519 1821 1003 1146 916
742 963 1990 930
743 1329 861 1510 1162 1020
744 1901 1887 1317
745 1942 1636
746 1198 1079 953 1474 1724 1841
747 905 1747 1195 1661
748 906 1410 1564 816 825 1994
749 1073 1385 1872
750 1844 1483 1897
751 1736 1290 1170 1432 1083 770 1856 1197 751 921 803 1953 1988 1964
752 1973 967 1365 1736 1981 752 1480 1834 885 1110 1643 1178 962 1816
753 1945 1841
754 1244 1226
755 904 1958 1454 1157
756 1825 931 1067
757 1430 1727 1256 1121 1991 757
758 1897 1830 758 1920
759 1794 1444 1982 833 1312 998 1832
760 768 1573 1701 1044 1077 1017 1928 1161 1448 1950 1488 1237 1683 820 1753 760 1442 1406 1525 1807 1668
761 1723 1173 1351 1038 1748 1659 1035 1938 1070 1861
762 1849 1410 1030 955 1386
763 1154 1216 1531 977
764 1544 1438 1827 932
765 1992 1501 1492 1734 1631 834
766 1552 1820 1955 955
767 1412 1029 1313 1143 796 1809 898
768 1375 1683 768 1077 786 1082 820 1488 1481 1442 1406 1807 1573 1187 1017 1641 1448 1044 1039 1237 1525 918 1531 1595
769 1938 1884 903 1551 1550 1639
770 1336 1413 1494 1290 1197 941
771 1745 1739 1021 1062
772 1443 1220 1209 1869 943 1339
773 1896 1809 1000 1591 1029 918 966
774 1101 1712 786 1175
775 999 1027 1111 1575 1613 1150 873 1951 1690 1798 1787 1353 1762 1014 1864
776 1924 902 1836 1614 1556 795 878 1903 1658
777 1462 1931 1555 1585 1734 1877 905
778 1997 778 781 1335 1749 1634
779 1700 1839 1400 1377 1780 931 1631
780 850 900 1422 1949 1255 1592 1341 1541 1111
781 1417 920 1750 1463 1936 1840 1217 1375
782 1014 1665 928 1068 940
783 1411 1542 1420 1133 1096 1151 1614 1566 1829 1584
784 1678 1041 1354 1001 1696 819 821 798 934 959
785 1603 1351 1415 1694 1576 1198 1724 1522 1779
786 1844 1968 1928 1044 1950 1442 820 1641
787 1169 1931 1692 1492 1171 988
788 1084 1401 1586
789 1608 1040 1482 1845 1560 1443 936 1581 1723 1233
790 1096 1578 1528 840 1602 1855 1062 1274 1457 1489 813 1908 1305 1706
791 1794 1026 1912 1300 1444 833
792 1156 1579 1797 1507 1006
793 1554 960 1709 1018 938 1810 1616 1440 1577
794 1830 1653 1642 1593 1494 1887 1897 1521
795 1556 902 1658 878 1637 1903
796 966 1591 1221 1920 1157 1143
797 1930 1419 1765 1491 1635 904 1076 1276 1239
798 1678 892 1302 964 952 934
799 906 1423 1939 799
800 1169 1692 1699 1567 1959
801 1404 869 1248 833 1914 1116 1982
802 1397 1284 1930 1698 1364
803 1440 1432 1083
804 1797 1418 1700 1693 995 1006
805 1285 1818 1126 823 943 1978
806 1897 1160 1675 1671 1508
807 878 1818 916 1053 1162 1596 1743 1299 1346 822 807 1148 867 1965 1976 1270 1782 814 1163 1702 1205 1079 1121
808 1541 855 1336 1327 1718 1335 1208 1744 1749 1886 895
809 1819 1999 1322 1098 1720
810 1157 904 969 1371 1315 1722
811 1186 1057 1134 1483 1273
812 1932 1413 1290 1328
813 1871 1273
814 1163 916 1149 1334
815 887 1628 903 1722 1991
816 1530 1704 1071 1066 1507 1552 1493 824
817 1540 1668 1451 1793 1179 1819 1977
818 1305 1457 1215
819 1815 1311 964 1001 909 1392 1302 1862 1102 1080
820 1161 1291 1807 1039 1442 1044 1641 1446
821 922 1321 1961 1956 939 1913
822 1162 1702 1965 1520
823 1714 1126 1963 1697 1339 1112
824 1820 1994 1545 1484
825 1820 1030 955 1092 1386
826 1305 1706 1845 1241
827 1185 1186 1057 1878 1273
828 1844 1786 1325 1470 1483 1898
829 1935 909 1520 1302 1505 858
830 1288 1074 1350 1906 972 830 948 1646 1270 1414
831 1922 1566 1584 1096 1100 1133 1651
832 1921 1706 1845 1499 1089
833 1612 1794 1094 1444 1116 1912 1404 869 1091 1914 833 1863 1605 1982 968
834 1142 1823 1194 1851 1759 871 1733 877 1561
835 1438 1569 1190 1725 1991
836 920 1867 845 975 1621 1373
837 1545
838 1792 1152 1877 1389
839 1416 905 1428 1694 947 1972 844 1746 1107 1661
840 1009 1342 1586 849
841 1340 1589 1144 1760 1264
842 1335 1208 1336 976 1464 855 1886 1265 1165
843 1824 1986 1907 1933 843 1456 1054 1917 888 1048 957 925 1808 1093 1691 912 895 1807 1084
844 1060 1428 1708 1974 947 1964 1344 1746 1661
845 1867 1750 897 1855 975
846 1716 1834 1717 1904 946 1110 854 1802
847 1676 1321 872 1440
848 1689 1478 1342
849 1828 1806 849
850 906 1423 1949 1592
851 1278 1932 1180 1072
852 1669 1984 1500 1503
853 1663 1321 932 1236
854 1842 901
855 1857 976 1277 1609 877 1265 948
856 1415 1576 1198 1474
857 905 1964 1090 1747 1708 1209 1661 1219
858 1034 1935 1302 858 964 880
859 1101 1131 1819 997 1004
860 1193 1547 1682 1598 1916
861 1998 1121
862 1025 1991 1267 1256
863 1576 1198 953 1594 1212 1474
864 1047 1562 1838 1168
865 1153 1666 1049 1501 1120 1992 1107
866 1560 1443 1723 1482 965 1407 1633 1083 1893 884
867 1187 916 1023 1976 1040
868 1438 1314 1068 1329 1755 884
869 1794 1444 1094 895
870 1740 1371 1244 1958 1859
871 1194 1733 1759 1112 1823 1391 988 877 1491 1515 1196
872 1441
873 1690 1951 1952 1109 1787
874 1677 1505
875 1220 1175 1712 1131 1004
876 1441
877 1733 1759 1135 877 1278 1194 1766 1112 988 1130 1137
878 1924 902 1637 1272 1563 878 1836 1903 1658 1394
879 1033 1050
880 1182 935 1875 1790 1305
881 1223 1411 1930 913 1826 1698 1718
882 1543 1382
883 1508 1511 1514 1773 1146 1179
884 985 1927 1068 1323 884 1835 1329 926 942 1064 1872 1014 992 1837 1130 940 1104 1755 928
885 896 1717 1834 1010 1716 1123 885
886 886
887 1317 1839 1866 1400 1067 931
888 1335 1450 1687 1031 1158 1917 895 1273
889 1745 1136
890 1317 1419 971 1741
891 1305 1586 954 1084
892 1831 1001 1564
893 1193 1988 1604 1318
894 1096
895 1986 1907 1048 912 1795 1691 1808 1031 1421 925 1334
896 1716 1880 896 1842 1834 946 1843 1043 1904 1717 921 1736 1234 1286
897 1452 1211 1621 1373 1375 1102
898 1296 1447 1032 1748 1132
899 1418 1568 1797 1700 973 995 1170
900 1592 1423 1939 1639 1390
901 1990 1632 1795 1036 1310
902 902 1658 1563 1581 1556 924
903 1373 1551 1828 1681 1639 1553 1771 1526 1550 1938 1403
904 989 1366 1371 1754 1326 1848 1244 1466 1617 1268 1988
905 1199 1090 1747 1289 911 1703 1266 1954 1428 1972 1661
906 906 1949 1592 1799
907 1705 1218 1785 1679 1428 1661
908 1153 1992 1440 1509 1049 1889
909 1087 1001 1302 964 993 1831 952 1667 1935 1847
910 1037 1659 1001 1351 1644
911 1218 1974 947 1428
912 1599 1795 1031 1933 1100 1808 957
913 1930 1174
914 1870 1784 1806 1124 1227 1879 1745 1761 1367 1136
915 1676 1855 923 1188 1961 1387
916 1299 1053 1965 1148 1559 1163 1270 1334 1016 1023 1439 1976 1162 1596 1702 1776 1782 1944 1697 1346 1817 1207 1469 916 1743 1549
917 1784 994 1300
918 1931 1169 918 1692 1738 1531
919 1459 1537 1409
920 1789 1630 1088 1373 1097
921 1413 1290 1432 1953
922 1042 1441 923 1961
923 974
924 1410 1955 944 1820 1911 1853
925 1795 1808 1421 1942 1054 1456 957
926 992 1755 928 1064 1962 1835 1014
927 1188 1905 1186 1711 1134
928 1665 1962 1068
929 1833 1840 929 1373 1270 1463 1375
930 1993 1571 1521
931 1781 1331 1426 1539 1866 931 1770 1803 1067 1400 1839 1377 1631 1163
932 1438 1985 1968 1236 1410
933 1810 1191 1473
934 1190 1935 1045 1102 1311 1080 1487 1392 1678 1862 1831 1866 1463 1476
935 1889 1434 1287 1875
936 1443 1775 1723 1957 1581 965 1560 1936 1688 1455 1482 1756 1272 1063
937 1152 1085
938 1191 1577 1975 1859 1018 964 1958
939 956 1414 1058 1247 1765 1002
940 1962 1323 1835 1837 1600 1047
941 1953 1432 1661
942 1927 1329 992 1917 1755 1352
943 1285 1963 1713
944 1030 1820 1564 1552
945 1172 1529 1271 1970 1081 1673 1647 1500 1503 1262
946 1123 1843 1842 974 1736 1314 1064
947 1572 1746 1107 1661
948 1236 1085
949 1800 1073 1219 986 1142
950 1712 950 1379 1004
951 1308 1667 1145 987 1894 1923 1467
952 1285 1678 1831 1476 1392
953 1198 1522 953 1129 1724 1731 1779 1003 1079 1425
954 1305 1845 1342 1602 1827
955 1410 1445 1384 1820 955
956 1115 1908
957 1165 1808 1907 1965
958 1211 1428
959 1128
960 1554 1961 1018
961 1749 1308 1032 987
962 1593 1184 1925 1897 1822
963 996 1238 1105 1846 1660 968 1363 1990 1662
964 1034 1678 1045 964
965 1657 1443 1723 1688 1612
966 1202 1412 1896
967 1181 1569 1225 1985 1263 1353
968 1200 1846 1283 1363 1888 996 1387
969 1958 1626 1776
970 1661 1092 1139 1741 1276 1021
971 1419 1076 1513 1122 1635
972
973 1156 1294 1258 1797 1518 1418 1628 1006 1186
974 1961 1144 1393
975 1463 1211 1833 1630 1217 1452 975 1506
976 1069 1587 1336 1997 1749 1886 1634
977 1671 1937 1292 1791
978 1846 1223 1498 1387
979 1744 1924 1118 1230 1380 1434 1383
980 1428 1055 1746 1661
981 1677 1124 1490 1136
982 1280 1007 987 1910 1166 1145 1709
983 1581 1823 1623 1733 1515 1278 1061 1543 1135
984 1435 1476 1185 1057
985 1293 1569 1438
986 1850 1219 1844
987 1467 1280 990 1910 1894
988 1462 1814 1823 1450 1919 1640 1847 1565 1112 1278 1909 1654 1194 1050 1759 1135 1911
989 1958 1244 1954
990 1308 1280 1166 1468 1255 1460
991 1073 1075 1219 1142
992 1823 1665 1064 1329 1837
993 1773 1034 1311 1883
994 1227 1745 1136
995 1418 1700 1797 1389 1124
996 1200 1243 1606 1238 1159
997 1352 1101 1767 997 1004 1712 1131
998 1794 1312 1094 1444 1584
999 1952 1109 1111 1245
1000 1920 1896 1809 1877 1579
1001 1813 1034 1024
1002 1593 1115 1128 1011 1058 1802 1920 1388
1003 1079 1474 1784 1565 1701
1004 1352 1767 1004
1005 1886 1682 1547 1354
1006 1028 1156 1518 1418 1294
1007 1028
1008 1028 1768
1009 1393 1253 1087 1341 1442
1010 1043
1011 1058 1115 1388 1908 1247 1128 1019
1012 1140 1881 1713
1013 1873 1657 1560 1443 1574 1723 1893
1014 1314 1872 1837 1014 1350
1015 1797 1418 1845
1016
1017 1442 1641 1623
1018 1590 1709 1358 1544
1019 1293 1438 1980 1263 1019 1292
1020 1551 1940
1021 1977
1022 1881 1471
1023 1162 1163 1965
1024 1763 1947 1269 1816 1286 1578
1025 1430 1991
1026 1900 1404 1311 1444 1563 1881
1027 1910 1714 1529 1613 1864 1952 1353 1690 1575 1111 1787
1028 1538 1145 1467 1595
1029 1896 1029 1143
1030 1820 1496 1141 1337 1704 1386 1398 1379
1031 1443 1093 1165 1456 1608 1808
1032 1830 1921 1268 1998 1510
1033 1788 1202 1050 1993
1034 1520 1354 1041 1034 1696 1883 1950 1366
1035 1748 1659 1735
1036 1668 1300 1832 1284 1977
1037 1277 1037 1497 1351
1038 1553 1748 1659 1173 1464
1039 1291 1066 1442 1641
1040 1040 1775 1688 1633 1868 1657 1407 1359 1443 1999 1192 1723
1041 1935
1042 1804 1728 1966 1429 1713 1043
1043 1123
1044 1807 1481 1641
1045 1935 1102 1328 1831
1046 1078 1372 1687
1047 1189 1246 1374 1155 1869 1945 1478 1686 1399 1899 1841
1048 1795 1165 1808 1945
1049 1666 1440 1120 1501 1509 1892 1663 1049 1966 1153 1570 1810 1186
1050 1774 1060 1993 1526 1202 1583 1726 1050 1788 1608 1228 1618 1652 1610 1777 1156 1293
1051 1209 1783 1713 1978 1990 1103 1649
1052 1286 1947 1578 1816 1204 1376
1053 1270 1976
1054 1795 1808 1421 1054 1986 1272
1055 1428 1964 1972 1778 1199 1403 1460 1218 1746 1785 1661
1056 1738 1557 1814 1424 1715 1114 1276 1214 1604
1057 1680 1309 1858 1446
1058 1882 1565 1115
1059 1420 1922 1765
1060 1526 1777 1583 1202 1128
1061 1919 1759 1640 1823 1654 1766 1154 1733 1135
1062 1305 1062 1845
1063 1282 1942 1535
1064 1068
1065 1430 1628 1717 1722
1066 1410 1955 1386 1688
1067 1539 1803 1317 1672 1631 1768 1400 1826
1068 1104 1835 1665 1837 1130 1872 1231
1069 1159 1634 1857 1886 1353 1335 1744 1749
1070 1865 1474 1929 1906 1213 1070 1536 1646 1288 1470 1149 1350 1491 1627
1071 1820 1552 1398 1297
1072 1447 1229 1232 1180 1348 1661 1719 1485
1073 1397 1526 1219 1385
1074 1733 1646 1085 1288 1149 1150
1075 1897 1822 1355 1385 1527 1334 1219
1076 1719 1419 1437 1132 1741 1378
1077 1178 1442 1573 1753 1406 1924 1641
1078 1598 1687 1264
1079 1198 1576 1117 1852 1360 1724 1522 1142 1902 1212
1080 1464 1302 1696
1081 1543 1402
1082 1236 1161 1442
1083 1888 1290 1197
1084 1305 1471 1084
1085 1929 1470 1085 1536 1417
1086 1601 1725 1265 1672
1087 1154 1333 1758 1253 1298 1427 1324 1475 1168 1307 1502 1531 1087 1216 1254
1088 1169 1692 1959 1699 1088 1135 1155
1089 1093 1305 1706 1845 1123
1090 1974 1796 1694 1708 1428 1107 1661
1091 1794 1444 1912 1605 1992
1092 1552 1820 1955 1507 1109
1093 1795 1691 1824 1917
1094 1794 1982 1900 1235
1095 1805 1813 1758
1096 1542 1584 1829 1614 1133 1651
1097 1676 1441 1188 1956 1961 1876
1098 1830 1098 1898 1897
1099 1582 1193
1100 1491
1101 1175 1712 1624
1102 1935 1302
1103 1818 1339 1783 1103 1285 1714
1104 1665 1835 1329
1105 1606 1200 1387 1168
1106 1487 1201 1180 1932 1288
1107 1746 1289 1661 1199 1679 1703 1428 1319 1589
1108 1792 1555 1734 1877
1109 1444 1353 1787 1617
1110
1111 1798 1690 1864 1150 1245 1575 1613 1753
1112 1862 1450 1194 1847 1733 1911 1137 1135 1391 1278
1113 1335 1997 1744 1457 1886 1259 1265 1656
1114 1557 1604 1582
1115 1414 1247 1388 1419 1316
1116 1794 1312 1444 1248
1117 1198 1594 1117
1118 1666 1196 1875 1425 1182 1380 1648 1240
1119 1520 1510 1495
1120 1666 1501
1121 1991 1256 1490
1122 1419 1741 1378 1635
1123 1480 1439
1124 1745 1495 1409 1136 1784
1125 1335 1208 1886 1240
1126 1818 1963 1126 1547
1127 1282 1615
1128
1129 1212 1474 1522 1524
1130 1837 1872
1131 1138
1132 1998 1629 1504 1505
1133 1829 1297 1566 1133 1151 1542 1614 1651
1134 1309 1858
1135 1992 1823 1194 1733 1759 1919 1623 1851 1137 1391 1766 1278 1405 1450 1135 1636
1136 1409 1745 1501 1316
1137 1224 1733 1623 1759
1138 1887 1792 1555 1734
1139 1254 1741 1513
1140 1799 1934 1295
1141 1983 1564 1994 1507
1142 1219 1611 1989
1143 1412 1809 1591 1143 1221 1313
1144 1555 1455 1877 1177
1145 1308 1467
1146 1292 1511 1514 1664 1773 1675 1357 1859 1947
1147 1195 1200 1606 1387 1498 1255
1148 1385 1596
1149 1940 1929 1470
1150 1678 1690 1787
1151 1297 1566 1651 1483
1152 1792 1877 1152 1555 1455
1153 1509 1231 1501
1154 1813 1758 1324 1253 1433 1461 1333 1475 1154 1319 1341 1502 1674 1509 1407 1298 1815 1307 1201 1757
1155 1231 1948 1625 1686 1838 1505
1156 1801 1156 1258 1294 1825 1410 1797 1700
1157 1395 1848 1582
1158 1310 1279 1977 1632
1159 1541 1165 1335 1208 1857 1749 1886
1160 1265 1671 1226 1514 1176 1937 1511
1161 1701 1807 1950
1162 1468 1944 1782
1163 1782 1469 1413 1207
1164 1164 1811 1382
1165 1824 1808 1421 1986 1917
1166 1166 1280 1467
1167 1555 1269 1167 1985 1367 1376
1168 1684 1671 1433 1994 1573
1169 1169 1692 1465 1171 1567 1585 1787
1170 1856
1171 1959 1171 1692 1451
1172 1839 1987 1730
1173 1464 1351
1174 1567 1231
1175 1352 1767
1176 1671 1514 1357 1511 1773 1346
1177 1388 1183 1399 1177
1178 1805 1943 1216 1254 1766
1179 1310 1977
1180 1201 1381 1695 1719 1232 1446
1181 1877 1594 1724 1438 1569
1182 1261 1182 1380 1496 1875
1183 1689 1399 1899 1906 1841 1505
1184 1653 1844 1440 1897
1185 1273 1683
1186 1273
1187 1442 1237
1188 1956 1961
1189 1374 1231 1869 1477 1658
1190 1236 1347 1523
1191 1577 1859 1806 1240
1192 1560 1443 1723
1193 1424 1582 1214
1194 1733 1766 1847 1405 1391 1654 1909 1623 1759
1195 1243 1660 1846 1900 1200 1363
1196 1345 1257 1241 1627 1989 1875 1240 1250
1197 1432 1953 1413 1923
1198 1415 1852 1576 1724 1524
1199 1694 1954 1746 1199 1218 1344 1778 1679 1331 1747 1661
1200 1662 1238 1280
1201 1356 1229 1232 1752 1808
1202 1726 1652 1459 1526 1777 1993 1583 1610 1608 1202 1774 1618 1788 1645 1376
1203 1309 1274
1204 1947 1286 1757
1205 1572 1661 1817 1346 1469
1206 1485 1273 1309
1207 1976 1469 1702 1802 1743
1208 1335 1336 1222 1279 1997 1656
1209 1428 1303
1210 1410 1552 1893 1994
1211 1549 1789 1884 1630 1506 1211 1840 1621
1212 1415 1731 1606
1213 1536 1332
1214 1214 1817 1988 1242
1215 1442 1305 1528 1706 1457
1216 1674 1427 1341 1253 1361 1771
1217 1833 1463 1398 1373 1544
1218 1428 1661
1219 1355 1385 1822 1486 1611 1800 1527 1219 1850 1752 1272
1220 1714 1963 1953
1221 1920 1412 1313 1534
1222 1541 1453 1335 1277 1749 1744
1223 1498 1243 1888
1224 1810 1967 1590
1225 1982 1438 1236
1226 1638 1671 1675 1937 1431 1306 1514
1227 1677 1253
1228 1526 1349
1229 1502 1447 1631 1232
1230 1473 1989 1260
1231 1686 1689
1232 1710 1932 1338 1752
1233 1560 1443 1723
1234 1716 1234 1820 1880
1235 1794 1444 1900 1972
1236 1438 1827 1293 1980 1985 1368 1544 1394
1237 1442 1459 1641
1238 1990
1239 1861
1240 1380 1648 1250
1241 1425 1875 1752
1242 1548 1687 1561 1390 1948
1243 1588 1669 1273
1244 1454 1626 1315 1366 1244 1268 1958 1740 1371 1588 1362
1245 1691 1952 1575 1951 1613 1426 1787
1246 1941 1478 1948
1247 1642 1908
1248 1794 1444 1982 1912 1404 1996 1885
1249 1814 1715 1988 1604 1655
1250 1875 1425 1946 1531
1251 1792 1589 1462 1877
1252 1252 1714 1514
1253 1427 1333 1254
1254 1674 1475 1254 1461 1684 1361 1333 1281 1433 1813 1449 1895 1756
1255
1256 1493 1256 1430 1727 1529
1257 1287 1989 1739 1875
1258 1797 1418 1361
1259 1335 1857 1744 1265 1820
1260 1875 1261 1915 1946 1383 1597 1334
1261 1706
1262 1984 1885 1402 1848
1263 1621 1438 1645 1725
1264 1693 1390
1265 1587 1335 1997 1265 1656
1266 1428 1964 1974 1785 1661
1267 1675 1821 1511 1514 1791
1268 1308 1371
1269 1286 1816 1512 1947 1909
1270 1559
1271 1970 1996 1271
1272 1924 1903 1563 1874
1273 1732 1871 1332 1711 1860 1446 1309 1718
1274 1305 1706 1586 1845
1275 1709 1859 1650 1707
1276 1620 1499 1378 1473
1277 1327 1587 1335 1744 1749
1278 1565 1823 1450 1733 1759 1919
1279 1875 1540
1280 1293
1281 1475 1758 1298 1529 1895
1282 1282 1971 1983 1812
1283 1551 1771 1550 1681 1828 1639
1284 1341 1546 1571 1521
1285 1335 1797 1979 1963
1286 1522 1772 1578 1947
1287 1383 1514 1434 1875 1915 1376
1288 1536 1644
1289 1964 1403 1661 1974
1290 1413
1291 1573 1641
1292 1675 1431 1292 1306 1981
1293 1721 1998
1294 1824
1295 1592 1934 1396
1296 1438 1369
1297 1542 1420 1584
1298 1319 1397 1813
1299 1589 1439 1776 1702
1300 1744 1474
1301 1804 1534
1302 1935 1435 1678 1859
1303 1767
1304 1799 1881 1396
1305 1866 1586 1855 1602 1490 1370 1457 1489 1471 1401 1305 1528 1706 1342 1958
1306 1306 1821 1511
1307 1427 1943 1674 1804 1461
1308 1667 1595 1349 1538 1467 1942 1865
1309 1732
1310 1996
1311 1935 1678 1904
1312 1914 1982 1404 1972 1444
1313 1896
1314 1962 1835 1665 1314 1323
1315 1460 1366 1375 1619
1316 1528
1317 1839 1866 1768 1400
1318 1708 1979 1599 1649 1500 1686
1319 1424 1531
1320 1830 1593 1887 1480 1642
1321 1441
1322 1923 1547 1682 1999 1742
1323 1835
1324 1674 1805 1427
1325 1653 1887 1408 1844 1898
1326 1958 1580 1854
1327 1541 1634 1336 1587 1335 1749 1886 1899
1328 1560 1443 1756 1328 1723
1329 1755
1330 1417 1375 1867
1331 1539 1672 1338 1400
1332 1344 1732
1333 1892 1684 1987
1334 1944 1697 1346 1743
1335 1453 1886 1335 1749 1744 1336 1609 1587 1997 1857 1978
1336 1609
1337 1883 1548
1338 1539 1839 1426 1400 1770 1672 1338 1866
1339 1818 1963 1955 1870 1649
1340 1555 1760 1846 1877 1433
1341 1815 1684 1467 1845
1342 1845 1489
1343 1422 1560 1688 1443 1723
1344 1416 1964 1705 1403 1661
1345 1429 1961 1458 1622
1346 1743 1782
1347 1438 1492 1856
1348 1455 1474 1695 1932 1356 1348 1752
1349
1350 1863 1536
1351 1351 1644
1352 1624
1353 1798
1354 1862 1883
1355 1833
1356 1377 1752 1381
1357 1664 1671 1821 1791 1675 1508 1514
1358 1554 1577 1810
1359 1560 1443 1723
1360 1594 1474 1515
1361
1362 1943 1461 1362
1363 1606 1888 1387
1364 1698 1930 1826 1780 1521
1365 1724
1366 1958 1479
1367 1984 1376 1772 1739
1368 1812 1518
1369 1811 1960 1569
1370 1706 1845 1855 1670
1371 1854
1372 1408
1373 1452 1630 1750 1373 1549 1884
1374 1899
1375 1452 1867 1506 1750 1846
1376 1578 1757 1772 1376 1512 1763
1377 1429
1378 1419 1499 1625 1765
1379 1712
1380 1875
1381 1447 1860
1382 1634 1984 1970 1382 1885 1673 1503
1383 1989
1384 1552 1820 1591 1398
1385 1822 1611
1386 1443 1545 1704 1410
1387 1888 1588
1388 1882 1802
1389 1792 1555
1390 1390
1391 1565 1733 1759 1654
1392 1831
1393 1676 1441 1429 1973 1746 1586
1394 1692 1558 1601 1513
1395 1626 1641
1396 1749
1397 1611
1398 1820 1493 1410 1472
1399 1843 1562 1945 1478
1400 1825 1839 1426 1631 1400
1401 1586 1490 1898
1402 1543 1485 1488
1403 1694 1703
1404 1444
1405 1823 1733 1759
1406 1452 1928 1442 1641
1407 1560 1443 1723
1408 1408 1682 1819 1607
1409 1495
1410 1471
1411 1926 1826 1698 1737 1546 1930
1412 1896 1591 1412 1532 1472
1413
1414 1882 1908 1616
1415 1731 1415 1474
1416 1678 1428 1785 1661 1781
1417 1506 1417 1840 1452 1833 1463 1884
1418 1797 1801 1418 1700 1632
1419 1499 1741 1437 1635 1513
1420 1542 1584
1421 1933
1422 1670 1423 1592
1423 1670 1939 1592
1424 1557 1988 1764
1425 1989
1426 1539 1768
1427 1531 1427 1895 1943
1428 1746 1572 1661 1954 1650 1703 1694 1964 1785
1429
1430 1991 1861 1926 1727
1431 1675 1514 1664 1508 1519 1455 1511
1432 1953 1856 1432
1433 1684 1503
1434 1469 1946 1989 1875
1435 1671
1436 1560 1512 1763 1902 1655
1437 1499 1785 1741 1620
1438 1812 1968 1985 1980 1725 1544 1890
1439 1444
1440 1966
1441 1622 1506
1442 1525 1448 1701 1807 1753 1683 1641
1443 1560 1581 1633 1688 1957 1995 1723 1638 1657 1612 1574 1936 1751 1969 1868 1775 1482 1443
1444 1794 1444 1605 1982
1445 1820
1446
1447 1695 1710 1485 1752
1448 1683 1607 1481 1641
1449 1810 1882
1450 1823 1733 1951
1451 1748 1668 1540
1452 1463
1453 1857 1609 1615 1744 1749
1454 1848 1460 1754 1619 1493
1455 1555 1734 1585 1589
1456 1795 1808 1917 1741
1457 1706 1845 1489
1458 1961
1459 1788 1608
1460
1461 1461
1462 1555
1463 1553 1867 1470
1464 1934
1465 1931 1959 1738
1466 1532
1467 1468 1910 1538
1468 1865
1469 1559
1470
1471
1472 1546 1930
1473 1635
1474 1694 1724 1731 1852
1475 1815 1903
1476 1831
1477 1941 1562 1841 1516
1478 1625 1941 1829
1479 1958
1480 1717 1981
1481 1950 1701 1683 1481 1641
1482 1560 1723 1688 1581 1505 1638
1483 1844 1887 1897
1484 1682 1607 1918
1485 1944
1486 1611 1756
1487 1935 1831
1488 1950
1489 1543 1845
1490 1845
1491 1514 1645
1492 1725
1493 1552 1564
1494 1792
1495 1677
1496 1552
1497
1498 1660
1499 1741 1620
1500 1636 1673 1970
1501 1570 1889 1509 1501 1854 1892
1502 1815
1503 1685 1885
1504 1998 1792 1510
1505 1945 1899 1869 1941 1505 1841
1506 1878
1507
1508 1937 1511 1791 1770
1509 1666
1510 1998
1511 1937 1533 1514 1791
1512 1727 1772 1570
1513 1610
1514 1821 1533 1664 1519 1801
1515 1823 1847 1733 1623 1759
1516 1690 1707 1562
1517 1682 1819 1598
1518 1922
1519 1675 1821 1533
1520
1521 1698 1737 1521 1571 1546
1522 1534 1724
1523 1725 1601 1812
1524 1576
1525 1641
1526 1726 1618 1788 1652 1608 1602
1527 1556 1955
1528 1706
1529 1677 1984
1530 1799
1531 1805
1532 1588 1977
1533
1534
1535 1740 1626
1536 1906
1537 1971 1925
1538 1667
1539 1866 1781 1631
1540 1960 1668 1793
1541 1997 1749 1803
1542 1684 1584 1614 1566 1651
1543 1984 1729 1885
1544 1544 1601
1545 1545
1546 1930 1698
1547 1995 1916 1636 1682
1548 1687 1964
1549 1840 1750 1567
1550 1639 1553 1771 1572
1551 1771 1828 1856
1552 1902
1553
1554 1810 1616 1716
1555 1792 1734 1877 1585 1613
1556 1836 1874 1637 1903 1924 1603
1557 1764 1715
1558 1972 1968 1985
1559 1732 1751
1560 1969 1574 1688 1560 1581 1775 1633 1936 1893 1612 1657 1957 1756 1751 1995 1638 1723
1561 1693
1562 1941 1707 1853 1562 1948
1563 1563 1603 1903
1564 1820
1565 1721 1823 1654 1851 1909 1640 1733 1623 1759
1566 1614 1584
1567 1692
1568 1971
1569 1935
1570 1666 1966
1571 1926 1930 1998 1698
1572 1657 1746 1747 1661
1573 1641
1574 1957 1723
1575 1952 1864 1787
1576 1576 1779
1577 1735 1852 1869
1578 1947 1772
1579
1580 1733 1848
1581 1633 1590
1582 1814 1873
1583 1777 1618
1584 1651 1922 1614
1585 1792 1734 1585
1586 1855
1587 1609 1997 1587 1749
1588 1884 1662 1588 1990
1589 1792
1590 1975 1596
1591 1699 1595
1592 1592 1670 1939 1949 1754
1593 1844 1593 1897 1841
1594 1661 1852 1731 1779
1595
1596 1965 1776
1597 1783
1598 1918 1769
1599 1818 1870
1600 1722 1961 1991
1601 1985
1602 1943 1845
1603 1692 1603 1874 1903
1604 1764
1605 1895
1606 1704
1607 1682 1720 1918 1916
1608 1993 1618
1609 1857 1656
1610 1993 1618
1611 1747
1612 1723
1613 1966 1798 1864 1762
1614
1615 1942 1983 1636
1616 1810
1617 1958 1848 1926
1618 1774 1726
1619
1620 1998
1621 1840
1622 1876
1623 1823 1623 1911 1851 1892 1759 1643
1624 1712
1625 1689
1626 1854 1754
1627 1989 1875
1628 1722
1629 1998 1865
1630 1867 1884
1631
1632 1712
1633 1957 1723
1634 1997 1634
1635
1636
1637 1658 1903
1638 1723
1639 1681
1640 1823 1733 1759
1641 1807 1683 1950 1967 1755
1642 1901 1764 1802
1643 1842 1981
1644 1687
1645 1812
1646
1647 1987 1970
1648 1989 1875
1649 1649 1732
1650 1694 1785 1661
1651 1942
1652 1993 1755
1653 1844
1654 1823 1733 1759
1655
1656 1764
1657 1723
1658 1836 1661
1659
1660
1661 1974 1954 1778 1679 1746 1703 1972 1747 1694 1708 1705 1753
1662
1663 1892 1889 1663 1992
1664 1791 1825
1665 1927 1835 1837
1666 1892 1889 1992 1666
1667 1667 1852
1668 1712 1832 1676 1977
1669 1987 1970 1984 1996
1670 1902
1671 1773 1821 1675
1672 1825
1673 1730 1673 1832 1984 1729
1674 1684 1943
1675 1881 1937 1791
1676 1676 1973 1876
1677 1745 1784
1678 1696 1935
1679 1708 1974 1747
1680 1860 1718 1680 1732
1681 1828
1682 1819 1769 1916 1999 1720 1682 1759
1683 1859
1684 1849 1943
1685 1925 1811
1686 1838
1687 1687
1688 1723 1995
1689 1853
1690 1787 1690 1951 1952
1691 1795 1933 1808
1692 1931 1959 1738 1842 1933 1740
1693
1694 1747 1708 1785
1695 1932
1696 1935 1696
1697
1698 1737 1930
1699 1931
1700 1797
1701 1807
1702
1703 1974
1704
1705 1785 1972 1746
1706 1706
1707 1945
1708 1972 1746 1984
1709 1709 1736
1710
1711 1711
1712
1713 1963
1714 1978 1963
1715 1764 1752
1716 1904 1716
1717
1718 1917
1719 1932 1719 1752
1720 1916
1721
1722 1727
1723 1751 1936 1957 1756 1868 1995 1775 1969 1893 1723 1817
1724
1725 1935 1985
1726 1993
1727
1728 1901 1956
1729
1730 1984 1842
1731
1732
1733 1823 1766 1851 1733 1911 1909 1919 1759
1734 1792
1735 1975
1736 1834 1842
1737 1930
1738
1739 1875
1740 1754
1741
1742
1743 1783 1782
1744 1744 1857 1997 1749 1974
1745 1784
1746 1964 1972 1747 1796 1954
1747 1964 1972 1974
1748
1749 1997 1857 1749 1931
1750 1833 1893
1751
1752 1932
1753
1754 1767
1755
1756
1757 1942 1757
1758
1759 1851 1847 1919 1759 1911 1766 1762
1760 1789 1792
1761 1761 1939
1762 1951
1763 1986 1947
1764 1988 1851
1765 1765
1766 1823
1767
1768 1825
1769 1819 1918
1770 1866 1781
1771
1772 1956
1773 1821
1774
1775
1776
1777 1788
1778
1779
1780 1991
1781
1782 1782
1783
1784
1785 1964
1786 1844
1787 1952 1787 1951
1788
1789 1867 1789
1790 1965
1791
1792 1877
1793 1793
1794 1900 1794 1863 1912 1914 1982 1906
1795 1824 1808
1796 1796
1797
1798 1952
1799
1800 1988
1801
1802
1803 1894
1804
1805
1806 1879
1807 1928 1950
1808 1808 1824 1907 1986 1833
1809 1920
1810
1811 1960
1812 1980
1813 1849
1814 1873
1815 1815
1816 1947
1817
1818 1870 1979
1819 1918 1916 1999
1820
1821 1937
1822 1850
1823 1847 1909 1911 1823 1851 1919
1824 1933 1907 1986
1825
1826
1827
1828
1829
1830 1844 1970
1831 1862 1838
1832
1833 1884 1840
1834 1843 1934
1835 1872
1836 1903
1837 1962
1838 1948 1869
1839 1866
1840 1840
1841
1842 1976
1843 1981
1844
1845 1845
1846
1847
1848 1958
1849 1895
1850
1851
1852
1853 1945
1854
1855
1856 1953
1857 1997
1858 1860
1859
1860 1955
1861 1891
1862 1935
1863 1914
1864 1951
1865
1866
1867 1867
1868 1936 1957
1869 1941
1870
1871 1905 1909
1872
1873
1874 1894 1903
1875 1946 1915 1875
1876
1877 1877 1983
1878 1905
1879
1880
1881
1882 1908
1883
1884
1885 1961 1903
1886 1997
1887
1888
1889
1890 1942
1891
1892 1966
1893
1894
1895
1896 1920 1896
1897 1901 1897
1898
1899
1900
1901
1902
1903 1903
1904
1905 1905
1906
1907 1986 1917
1908
1909
1910
1911
1912 1937
1913 1956
1914
1915 1946 1989 1953
1916
1917 1933
1918
1919
1920
1921
1922
1923
1924
1925
1926 1930
1927 1927
1928 1950
1929
1930
1931 1931 1959
1932
1933
1934
1935
1936 1936
1937
1938
1939
1940 1960
1941 1948
1942 1971
1943
1944
1945 1948
1946
1947
1948
1949
1950
1951 1979 1952
1952
1953
1954 1996
1955
1956 1961
1957 1957
1958
1959
1960
1961
1962
1963
1964
1965
1966
1967
1968
1969 1969
1970
1971
1972
1973
1974 1996
1975
1976
1977
1978
1979
1980
1981
1982
1983
1984 1996
1985
1986
1987 1996
1988 1988
1989
1990 1990
1991
1992 1992
1993
1994
1995
1996
1997
1998 1998
1999
