0 1417
0 1523
0 256
0 0
0 388
0 618
0 355
0 1450
0 898
0 1998
0 861
0 1510
0 619
1 1372
1 329
1 1322
1 378
1 1999
1 1067
1 1682
1 809
1 1598
1 1607
1 116
1 476
2 1723
2 1940
2 213
2 44
2 587
2 183
2 1421
2 1419
3 406
3 1811
3 17
3 681
3 1274
3 267
3 398
3 213
3 1680
4 338
4 82
4 1061
4 1450
4 1911
4 1640
4 92
4 1909
4 337
4 479
4 137
4 1823
4 1733
4 1623
4 871
4 1135
5 76
5 1727
5 1861
5 1065
5 1025
5 1374
5 41
5 815
5 757
6 863
6 856
6 74
6 183
6 1046
6 1079
6 1474
6 629
7 714
7 456
7 1536
7 1288
7 1213
7 830
7 14
7 1070
7 476
8 1759
8 771
8 589
8 30
8 1179
8 410
8 844
8 136
8 1451
8 1977
9 643
9 1260
9 349
9 130
9 588
9 1627
9 77
9 496
9 1250
9 1132
9 417
10 1280
10 332
10 96
10 502
10 987
10 1100
10 275
10 1865
10 982
10 932
11 1643
11 1843
11 752
11 639
11 1043
11 1904
11 1981
11 1880
11 1717
11 854
11 1110
11 1234
11 574
11 11
11 63
11 464
11 361
11 1010
11 444
11 896
11 1736
11 1900
11 384
11 1389
11 946
11 491
12 1087
12 1461
12 671
12 1254
12 194
12 523
12 1307
12 293
12 1319
12 1009
12 1281
12 1427
12 1684
12 1324
12 528
12 569
12 1168
12 1861
12 888
12 1433
12 1333
13 157
13 567
13 1710
13 609
13 1348
13 114
13 1485
13 1447
13 1229
13 357
13 294
13 1381
13 1356
13 851
13 1451
13 678
13 1752
13 738
14 1792
14 777
14 1152
14 841
14 726
14 1585
14 1340
14 1786
14 1555
14 1455
15 779
15 1338
15 620
15 1770
15 1672
15 1317
15 931
15 1866
15 392
15 477
15 1539
15 424
15 1067
15 149
15 1781
15 1825
15 1803
15 1839
15 258
15 15
15 756
15 1377
15 1973
15 1994
15 148
15 1426
15 1400
15 429
15 1305
16 109
16 646
16 1591
16 493
16 373
16 1412
16 773
16 1000
16 625
16 1896
16 1809
16 1221
16 796
16 26
16 1029
16 1920
16 1313
16 1710
16 807
16 966
16 1143
16 767
17 1674
17 166
17 1925
17 398
17 315
17 188
17 1215
17 304
18 899
18 1156
18 524
18 792
18 1258
18 265
18 804
18 1579
18 1518
18 1015
18 513
18 521
18 1418
18 674
18 1695
19 827
19 1134
19 1732
19 56
19 1203
19 685
19 280
19 713
19 278
19 382
19 1878
19 1905
19 1659
20 965
20 145
20 1304
20 172
20 1174
20 336
20 424
20 153
20 47
20 1881
20 1012
20 1530
20 1941
21 1939
21 583
21 684
21 1449
21 310
21 938
21 1081
21 166
21 693
21 443
21 204
22 317
22 1985
22 985
22 484
22 93
22 1438
22 298
22 1752
22 464
23 391
23 25
23 421
23 1398
23 201
23 1820
23 1545
23 174
23 1496
23 766
23 585
23 221
23 570
23 944
23 23
23 455
23 816
23 762
23 1552
23 1141
23 1507
23 825
23 837
23 1445
23 1066
23 196
23 451
23 568
23 1283
23 1384
23 1386
24 1676
24 1303
24 1175
24 1004
24 131
25 1935
25 1386
25 1030
25 955
25 666
25 1496
25 1631
25 421
25 221
26 1412
26 773
26 1591
26 1627
26 796
26 50
27 1742
27 1908
27 27
27 1414
27 188
27 1058
27 939
27 59
27 959
27 320
27 465
27 480
27 1388
27 1011
27 195
28 923
28 1728
28 618
28 1921
28 944
28 1998
28 619
29 527
29 539
29 483
29 1568
29 1878
29 1615
29 1827
29 372
30 1793
30 1179
30 30
31 581
31 257
31 520
31 1930
31 177
31 802
31 498
31 395
31 279
31 1698
31 509
31 425
31 1521
31 175
31 1364
31 1284
31 1926
31 418
31 415
31 52
31 79
31 1826
32 900
32 155
32 1670
32 490
32 1455
32 556
32 1592
32 1095
32 193
33 1806
33 655
33 339
33 33
33 49
33 1365
33 994
33 111
33 478
34 222
34 230
34 1466
34 1460
34 262
34 1580
34 754
35 1818
35 1318
35 75
35 1339
35 514
35 370
35 541
35 1714
35 1979
35 192
35 35
35 1597
35 823
35 1051
35 1209
35 128
35 567
36 1154
36 194
36 1531
36 211
36 1825
36 1216
36 1418
36 1964
37 1936
37 146
37 1560
37 1443
37 1407
37 62
37 1233
37 1359
37 58
37 538
37 1723
37 1040
37 1868
37 1343
37 1013
37 1657
37 1328
37 1581
37 1893
37 1969
37 598
37 936
37 508
37 660
37 606
37 121
37 1612
37 37
37 1775
37 220
37 573
37 196
37 269
38 1924
38 266
38 396
38 1556
38 669
38 516
38 689
38 878
38 1903
38 894
38 1290
39 1990
39 70
39 978
39 235
39 487
39 1360
39 303
39 1606
39 1498
39 1888
40 167
40 933
40 1034
40 1935
40 934
40 1831
40 984
40 217
40 1119
41 994
41 1256
41 313
41 453
41 862
41 227
41 1600
41 1780
41 1891
41 438
41 1065
41 186
41 1727
41 1628
41 1566
41 373
41 195
42 1027
42 1798
42 734
42 1864
42 1902
43 150
43 918
43 1959
43 169
43 435
43 1738
43 800
43 45
43 1171
43 1931
43 296
43 1354
43 1467
43 949
43 675
44 515
44 1925
44 267
44 1164
44 1849
44 587
44 1369
45 1169
45 1692
45 1567
45 1699
45 1959
45 787
45 1088
45 48
45 299
45 490
46 1769
46 905
46 1694
46 1572
46 1705
46 1661
46 1107
46 198
46 557
46 373
46 947
46 1090
46 844
47 145
47 1304
47 1012
47 1420
47 1396
47 143
48 1169
48 1171
48 1567
48 800
48 169
48 918
48 1404
48 1498
49 1806
49 889
49 849
49 274
49 994
49 380
49 1409
49 837
49 339
49 224
49 1136
50 902
50 1556
50 669
50 1658
50 627
50 364
50 1903
50 443
51 1163
51 916
51 503
51 822
51 1836
51 1782
52 386
52 1682
52 187
52 1484
52 998
52 565
52 730
53 1670
53 906
53 155
53 1592
53 780
53 1154
53 922
54 1925
54 1811
54 1685
54 1960
54 1174
55 903
55 1550
55 407
55 692
55 271
55 1349
55 317
55 1771
55 733
55 308
55 433
56 1795
56 1680
56 1057
56 811
56 1203
56 1206
56 1994
56 1273
57 1687
57 276
57 57
57 420
57 1709
57 1619
57 545
58 1328
58 508
58 1359
58 154
58 1723
58 1751
58 220
58 866
58 740
59 939
59 480
59 110
59 334
59 1128
59 1011
59 320
59 1002
59 1115
59 1388
59 1247
59 1802
59 1742
59 959
59 465
59 1882
59 237
59 59
59 323
59 987
59 1448
59 1908
60 745
60 432
60 1730
60 1543
60 623
60 362
60 1669
60 264
60 852
60 468
60 882
60 1970
60 184
60 103
60 712
60 1271
60 604
60 800
60 1044
60 737
60 1382
61 140
61 261
61 903
61 1551
61 1550
61 1553
61 692
61 317
61 1698
62 1560
62 1443
62 1723
62 1657
62 936
62 598
62 1025
62 965
62 740
62 524
62 539
63 896
63 1043
63 1843
63 1716
63 444
63 574
63 854
63 1110
63 946
63 1987
64 1267
64 1225
64 529
64 807
64 1334
64 390
64 1743
65 768
65 1807
65 545
65 433
65 1701
65 1017
65 65
65 1816
66 1050
66 1202
66 66
66 939
66 580
66 1610
66 86
66 348
67 654
67 1812
67 231
67 835
67 874
67 1368
67 985
67 1394
67 379
68 908
68 1330
68 387
68 450
68 1219
68 128
68 1355
68 1486
68 1385
69 1415
69 953
69 1724
69 1474
69 1535
69 629
70 1846
70 1662
70 1363
70 706
70 760
71 1810
71 305
71 443
71 1616
71 684
71 1063
71 1018
72 682
72 275
72 1085
72 830
72 577
72 1288
72 314
72 1070
72 1320
73 1216
73 1925
73 398
73 1940
73 1164
73 73
73 1214
74 1198
74 953
74 1212
74 1474
74 629
75 514
75 282
75 805
75 943
75 1339
75 1599
75 1783
75 214
76 165
76 1975
76 443
76 684
76 467
76 938
76 1709
76 1224
76 1018
77 1989
77 1915
77 245
77 1648
77 588
77 1425
77 370
78 819
78 1419
78 560
78 1499
78 890
78 1845
79 923
79 1458
79 1973
79 1961
79 974
79 1804
79 1042
79 1728
79 682
79 1622
79 1956
79 469
79 187
79 1957
80 1975
80 1724
80 1474
80 1576
80 1699
80 1524
81 1538
81 650
81 275
81 1308
81 202
81 1781
81 1008
82 1037
82 1565
82 1623
82 1112
82 489
82 1759
82 1515
82 1278
82 1864
83 543
83 1973
83 437
83 244
83 1676
83 915
83 821
83 676
83 1067
83 884
84 158
84 1442
84 433
84 731
84 1716
84 760
85 1192
85 1558
85 1827
85 1347
85 951
85 600
86 542
86 1202
86 580
86 584
86 1153
86 1777
86 1526
86 1172
86 807
87 388
87 262
87 898
87 277
87 1020
87 1510
87 88
87 1032
87 540
87 732
87 1629
87 284
87 1706
88 133
88 1921
88 618
88 1265
88 376
89 1268
89 426
89 1074
89 314
89 210
89 352
90 1301
90 284
90 543
90 463
90 205
90 1458
90 108
90 431
90 90
91 1549
91 1621
91 1630
91 367
91 845
91 454
91 327
91 615
91 1375
91 332
92 663
92 1823
92 1733
92 1942
92 1759
93 780
93 1939
93 663
93 155
93 165
93 1592
93 1650
93 1215
94 1798
94 775
94 1952
94 1575
94 1864
94 660
94 1787
95 1428
95 668
95 1199
95 1090
95 189
95 1219
95 1661
96 650
96 275
96 1308
96 202
96 990
97 137
97 1194
97 1733
97 988
97 1759
97 790
97 1515
97 877
98 943
98 282
98 1126
98 1870
98 292
99 1050
99 580
99 584
99 1526
99 1422
99 1777
100 1333
100 1935
100 526
100 1302
100 1476
100 1471
100 343
101 1243
101 1706
101 301
101 954
101 1084
101 183
101 614
101 891
102 1282
102 525
102 539
102 1568
102 690
103 1946
103 144
103 168
103 945
104 1792
104 1555
104 122
104 104
104 1462
104 1389
104 208
104 225
104 1108
104 841
104 726
104 1144
104 1455
104 1877
104 206
104 661
104 1589
104 1585
104 397
104 1340
104 1138
104 566
104 1760
104 1734
104 838
104 777
104 1461
104 813
104 200
105 1070
105 1085
105 476
105 180
105 126
105 959
106 1558
106 1181
106 1236
106 578
106 171
106 1249
107 1958
107 1479
107 1244
107 161
107 1395
107 715
107 707
108 1804
108 915
108 284
108 1458
108 1973
108 974
108 1876
108 1913
108 756
108 768
108 1053
109 384
109 506
109 1582
109 1424
109 911
110 1414
110 143
110 1115
110 1002
111 272
111 339
111 1806
111 1565
112 1536
112 1085
112 1470
112 476
112 605
112 1315
113 1284
113 395
113 1698
113 1521
113 1411
113 1968
113 509
114 739
114 157
114 1695
114 1348
114 1381
115 574
115 774
115 1101
115 1624
115 222
115 997
115 1767
116 1606
116 386
116 359
116 200
116 1517
116 602
116 1720
116 565
116 1916
116 187
116 1835
117 1673
117 468
117 1730
117 168
117 264
117 1666
118 664
118 978
118 1176
118 977
118 1519
118 1397
118 1533
118 955
119 1856
119 651
119 1170
119 148
119 1576
119 807
120 303
120 963
120 968
120 458
120 453
120 425
121 1050
121 1936
121 1560
121 1443
121 740
122 1792
122 397
122 1555
122 1152
122 726
122 838
122 1777
123 141
123 662
123 1049
123 1992
123 1892
123 865
123 269
123 1120
123 1501
123 785
123 1967
123 927
124 649
124 532
124 276
124 1561
124 173
124 1390
124 1693
124 124
124 760
125 896
125 1716
125 444
125 1736
125 946
125 247
125 1516
126 1070
126 830
126 448
126 948
126 314
126 180
126 1906
126 672
127 979
127 1065
127 313
127 1722
127 495
128 1446
128 128
128 1680
128 531
128 1186
128 685
128 1711
128 1273
128 433
129 1305
129 129
129 1342
129 488
129 891
129 1586
129 1528
129 318
129 614
129 1316
129 1215
129 636
129 790
129 1706
130 389
130 1287
130 1739
130 1261
130 249
130 1434
130 1875
130 1240
130 1118
131 783
131 151
131 1420
131 1651
131 1133
131 1829
131 1922
131 310
131 1584
131 894
132 1624
132 426
132 972
132 719
132 1929
132 710
132 1646
132 1070
132 448
132 209
132 605
133 906
133 704
133 1670
133 663
133 1949
133 1592
133 1360
134 1022
134 1174
134 1934
134 290
134 296
134 145
134 1881
134 1396
134 252
134 1682
134 665
134 1374
135 1751
135 877
135 409
135 1273
135 548
135 893
135 1858
136 771
136 311
136 1300
136 613
136 1036
137 1114
137 877
137 983
137 398
137 1565
137 1823
137 1194
137 956
138 1035
138 549
138 1497
138 1351
138 1659
138 649
138 1676
138 1173
138 1282
138 1615
139 1198
139 505
139 1064
139 1323
139 973
139 926
139 1068
139 940
139 1837
140 1583
140 1008
140 1468
140 1280
140 275
140 951
140 982
140 347
140 1499
141 269
141 530
141 1440
141 1889
141 662
141 233
141 141
141 1570
141 1501
141 428
141 156
141 865
141 1111
141 1655
142 879
142 1283
142 903
142 1553
142 1681
142 1670
142 1551
142 692
143 1802
143 143
143 1128
143 939
143 465
143 480
143 916
144 1543
144 564
144 184
144 892
144 168
144 623
145 1934
145 223
145 145
145 1012
145 252
145 1174
145 1530
145 172
145 1140
145 281
145 1799
145 1396
145 1022
145 442
145 178
145 290
145 153
145 1295
145 652
145 565
145 392
146 458
146 508
146 789
146 168
146 535
146 1560
146 1443
146 1723
146 740
146 1117
147 1761
147 1879
147 1136
147 400
147 272
147 914
147 726
147 874
147 242
147 636
148 673
148 709
148 1290
148 651
148 1432
148 941
148 1856
149 1426
149 620
149 1770
149 1317
149 1493
149 1825
149 931
149 477
149 1768
149 1400
150 1931
150 1171
150 1465
150 1699
150 296
150 800
150 203
150 1692
150 1959
151 1542
151 783
151 1922
151 1297
151 1133
151 372
151 894
151 1420
151 1059
151 1829
151 1614
151 1566
151 250
151 725
151 1368
152 976
152 902
152 1556
152 1924
152 1095
152 630
152 1658
152 1519
152 1733
153 1799
153 1295
153 178
153 1174
153 442
153 281
153 1304
153 221
154 1363
154 825
154 1686
154 1155
154 723
154 1838
154 1707
154 753
154 1945
154 501
154 154
154 848
154 893
154 1869
155 900
155 1592
155 1670
155 490
155 165
155 441
155 906
155 1848
155 1005
155 1508
155 1576
155 1962
155 1807
156 269
156 1049
156 530
156 156
156 1120
156 876
156 1892
156 693
156 813
157 567
157 1710
157 1356
157 1719
157 609
157 1201
157 1718
157 1695
157 679
157 738
158 1564
158 1323
158 1157
158 512
158 1535
158 870
158 969
158 161
158 1466
158 1626
158 1395
158 1315
158 422
158 1848
158 1460
158 697
158 715
158 1195
158 1958
159 1121
159 321
159 186
159 159
159 1600
159 495
159 1891
159 1139
159 1065
159 195
159 1991
160 897
160 637
160 1750
160 1884
160 1330
160 1833
160 836
160 975
160 327
160 1408
160 958
160 1867
160 1221
161 1327
161 1556
161 806
161 1157
162 971
162 1047
162 1948
162 1689
162 1233
163 844
163 768
163 1928
163 1683
163 537
163 1056
163 433
163 1077
163 1481
163 760
164 1809
164 599
164 164
164 1420
164 1297
164 1969
164 894
164 1151
165 1670
165 1423
165 1949
165 167
165 1592
165 1626
166 749
166 642
166 793
166 1709
166 467
166 1449
166 204
166 1191
166 1967
166 1554
166 613
166 443
166 707
166 1890
167 1670
167 906
167 780
167 850
168 483
168 1669
168 1673
168 852
168 1984
168 1767
168 1730
168 481
169 1169
169 787
169 1567
169 800
169 296
169 435
169 1738
169 918
169 1465
169 1959
169 377
170 1428
170 668
170 1778
170 659
170 1289
170 1371
170 557
170 1785
170 613
171 897
171 187
171 602
171 1190
171 1181
171 606
171 379
172 1295
172 1174
172 290
172 1881
172 1530
172 223
172 281
172 925
173 1548
173 1264
173 1561
173 226
173 173
174 267
174 1030
174 1552
174 243
174 1384
174 812
174 221
175 1926
175 1546
175 1698
175 1411
175 1364
175 1276
175 1521
176 1165
176 1808
176 547
176 1986
176 239
176 957
176 843
176 1917
176 895
177 1935
177 1926
177 1930
177 1698
177 216
177 1521
178 1304
178 1881
178 442
178 1032
178 336
178 1012
179 442
179 455
179 969
179 1276
179 1013
179 971
179 1620
180 1536
180 937
180 1074
180 948
180 1288
180 1350
180 1297
180 605
181 387
181 581
181 1073
181 1385
181 196
181 445
181 1219
181 1397
182 798
182 934
182 687
182 1302
182 696
183 300
183 1198
183 1079
183 1093
183 953
183 1594
183 1724
183 1474
183 629
183 1400
183 1206
184 269
184 1543
184 1970
184 1330
184 1984
184 1500
185 393
185 1175
185 482
185 222
185 1624
185 259
185 1352
185 720
185 847
185 859
185 997
185 1131
186 1604
186 1717
186 438
186 195
186 1256
186 757
187 386
187 1547
187 1682
187 1819
187 329
187 1999
187 359
187 1598
187 860
188 304
188 315
188 1164
188 267
188 817
188 1722
189 1796
189 911
189 1572
189 980
189 1766
189 1090
189 198
189 1309
190 1486
190 445
190 698
190 673
190 1128
190 1542
191 538
191 386
191 1547
191 1682
191 267
191 1916
192 772
192 1339
192 1597
192 632
192 1103
193 1496
193 1793
193 817
193 1279
193 589
193 1977
193 403
194 1168
194 1087
194 1216
194 1154
194 644
194 340
194 194
194 1341
194 1813
194 1461
194 523
194 1095
194 1281
194 1427
194 1502
194 1361
194 263
194 1805
194 1433
194 1253
194 528
194 1674
194 1178
194 569
194 763
194 1067
194 995
194 646
194 418
195 648
195 227
195 757
195 478
195 1727
195 1991
195 862
195 1430
195 1861
195 1239
195 195
195 453
195 1025
195 1628
195 1121
195 313
195 438
195 1722
195 382
196 1030
196 1873
196 221
196 1386
197 689
197 1844
197 962
197 312
197 786
198 795
198 905
198 1679
198 1289
198 1403
198 1972
198 517
198 1778
198 634
198 1708
198 1964
198 1796
198 1317
198 1746
198 1661
199 1912
199 1312
199 1444
199 833
199 1914
199 501
199 1248
200 1682
200 329
200 1819
200 1769
200 809
200 1999
200 1517
200 1943
200 798
201 1777
201 1154
201 1820
201 421
201 1386
201 1545
201 766
201 944
201 1486
201 221
201 1246
202 1308
202 951
202 724
202 377
202 990
202 1349
202 1667
202 552
203 1794
203 1912
203 1444
203 833
203 1859
203 869
204 642
204 1810
204 305
204 1590
204 443
204 707
204 1709
204 1275
204 1191
204 1616
204 1577
204 1473
204 1859
204 933
204 467
204 1358
204 1975
204 1967
204 1018
204 1047
204 710
204 365
205 1676
205 1804
205 1961
205 1973
205 607
205 485
205 459
205 1956
205 876
205 1441
205 1913
205 615
205 1097
205 244
205 1393
205 368
205 205
205 1150
205 1095
205 1238
206 397
206 1555
206 1589
206 1251
206 1790
206 1760
206 1607
206 349
207 1180
207 1485
207 1201
207 1106
207 793
207 738
207 1381
208 1340
208 1108
208 1555
208 566
208 1877
208 1389
208 690
208 726
209 1921
209 388
209 553
209 262
209 1629
209 1020
209 1504
209 355
209 1973
210 1184
210 1844
210 333
210 1494
210 513
210 472
210 1391
211 1154
211 1813
211 1333
211 569
211 1216
211 1361
211 1254
212 1050
212 542
212 552
212 1202
212 580
212 1993
212 584
212 1228
212 1618
212 212
212 348
212 1777
213 1720
213 515
213 267
213 398
213 1296
213 1960
213 1685
213 1709
214 264
214 591
214 852
214 712
214 737
214 1729
214 1172
214 432
214 468
214 575
214 1647
214 623
214 1271
214 1529
215 411
215 1798
215 775
215 1353
215 892
215 343
215 1245
215 1787
216 1280
216 650
216 1166
216 275
216 764
216 990
216 1004
217 687
217 984
217 665
217 550
217 819
217 822
217 1133
218 1034
218 1678
218 1435
218 1831
218 819
218 1476
219 682
219 463
219 219
219 1702
220 789
220 1443
220 1581
220 1723
220 1097
221 1030
221 391
221 243
221 666
221 816
221 1398
221 1955
221 924
221 824
221 837
221 429
221 570
221 1210
221 1545
221 944
221 766
221 1820
221 1066
221 1704
221 221
221 1092
221 1371
221 1173
221 772
221 1489
222 1175
222 859
222 1379
222 1767
222 997
222 482
223 442
223 1530
223 1174
223 764
223 252
224 658
224 889
224 510
224 1189
224 1136
225 1555
225 1734
225 726
225 838
225 833
225 905
225 1716
226 1561
226 1046
226 276
226 402
226 1144
226 631
227 1908
227 1991
227 862
228 387
228 1800
228 1822
228 694
228 1850
228 1219
228 1385
228 383
228 868
229 737
229 324
229 969
229 1244
229 414
229 1475
229 754
230 512
230 291
230 324
230 1479
230 969
230 1958
230 1269
231 1438
231 1827
231 1368
231 1263
231 379
231 1725
231 1625
231 381
232 1542
232 783
232 831
232 1584
232 1829
232 1832
232 1133
232 1151
233 1666
233 269
233 1049
233 1966
233 1501
234 529
234 916
234 1702
234 1559
234 234
235 686
235 1223
235 1195
235 1125
235 1660
235 1930
235 891
236 915
236 1429
236 1321
236 736
236 1023
237 562
237 1802
237 1115
237 1388
238 1682
238 1819
238 1547
238 860
238 1832
239 1006
239 1046
239 1687
239 239
239 631
239 251
240 1159
240 1327
240 1335
240 1744
240 596
240 1886
240 1259
240 729
241 259
241 393
241 1767
241 1004
241 1303
241 1624
241 241
241 1452
242 1677
242 672
242 1136
242 849
242 1797
242 928
243 1705
243 1704
243 825
243 1384
243 1386
244 1441
244 682
244 1345
245 1434
245 588
245 1875
245 349
245 1250
245 388
246 1407
246 1064
246 1323
246 1068
246 884
247 1392
247 896
247 444
247 464
247 854
247 885
248 836
248 975
248 920
248 1840
248 1621
248 1867
248 1789
248 845
248 327
248 1217
248 781
248 1506
248 447
248 1854
249 1543
249 264
249 1970
249 564
249 1984
249 481
250 1660
250 1466
250 1584
250 831
250 1133
251 768
251 1291
251 1442
251 433
251 1488
251 1641
251 1525
252 336
252 281
252 1731
252 1420
253 902
253 1556
253 795
253 670
253 1603
253 717
253 878
253 1903
253 630
253 1658
253 1044
253 788
254 998
254 827
254 1816
254 1578
254 633
254 1621
254 667
255 928
255 1755
255 1927
255 674
255 942
255 695
255 693
256 618
256 355
256 647
256 288
256 898
256 540
256 1689
257 1587
257 930
257 1284
257 434
257 1926
257 1930
257 1698
257 1521
258 1867
258 1377
258 1539
258 1803
258 1041
258 392
258 1672
258 931
258 1338
258 1781
259 1004
259 950
259 1624
259 1630
259 774
259 1767
260 1167
260 1902
260 1204
260 1772
260 260
260 1286
260 1757
260 1512
260 622
260 633
261 800
261 769
261 1681
261 1283
261 1639
261 317
261 405
261 271
261 1553
261 1938
261 407
261 1550
261 1551
261 261
261 1828
261 1454
261 1466
261 903
261 652
262 659
262 473
262 553
262 1284
263 1009
263 1253
263 523
263 671
263 1896
263 1943
263 1178
263 1087
263 1216
263 1254
263 763
264 1543
264 882
264 1382
264 945
264 331
264 554
264 575
264 1984
264 1729
264 737
265 1805
265 513
265 1156
265 1797
265 1801
265 782
265 1294
265 973
265 1558
266 643
266 1924
266 902
266 407
266 1556
266 878
266 1658
267 1658
267 515
267 1925
267 1164
267 406
267 315
267 1296
267 398
267 587
268 1135
268 390
268 1456
268 374
268 895
268 1917
268 1031
268 957
268 1165
268 1093
268 1933
268 1131
268 653
268 1986
268 843
268 1928
269 1153
269 1666
269 1509
269 1889
269 428
269 269
269 530
269 1892
269 765
269 865
269 1570
269 1049
269 662
269 1440
269 1966
269 363
269 1444
269 1992
269 350
269 397
269 1618
270 1005
270 1769
270 329
270 1372
270 359
270 378
270 1682
270 1598
270 602
270 1607
270 701
270 1755
270 809
270 1322
271 769
271 903
271 317
271 1371
271 1551
271 1828
272 1409
272 1677
272 1761
272 1227
272 981
272 1567
272 914
272 919
272 672
272 1158
273 1475
273 1815
273 706
273 1758
273 1958
273 1333
273 1849
273 1216
273 1254
273 1009
274 295
274 1806
274 380
274 889
274 1879
274 1495
274 849
274 1603
274 917
274 818
275 1166
275 377
275 982
275 347
275 1028
275 1468
275 1894
275 1467
275 1308
275 961
275 1595
275 496
275 1667
275 724
275 1349
275 1369
275 332
275 990
275 502
276 532
276 1264
276 1548
276 1835
277 898
277 388
277 1504
277 277
277 1998
277 1510
277 619
278 1574
278 674
278 399
278 459
279 1411
279 520
279 395
279 1930
279 1180
279 1521
280 531
280 479
280 813
280 1273
280 1134
280 1419
280 548
281 1934
281 1295
281 1174
281 1140
281 1978
281 290
281 1530
282 514
282 1209
282 1963
282 960
282 1818
282 430
283 1686
283 1189
283 864
283 848
283 1399
283 1945
283 1941
283 723
283 955
283 1516
283 1149
284 1676
284 876
284 915
284 1458
284 543
284 1308
284 1973
284 736
284 513
284 953
284 444
285 1745
285 1806
285 1879
285 889
285 397
285 1227
286 1655
286 1400
286 770
286 1290
286 356
286 299
286 286
286 1953
286 941
286 751
286 1711
287 1814
287 893
287 886
287 611
287 1557
287 1249
287 384
287 1582
287 801
288 529
288 500
288 1976
288 1817
288 916
288 1100
288 807
288 822
288 1016
289 1099
289 1290
289 651
289 1170
289 1917
289 941
289 751
290 335
290 1637
290 1174
290 949
290 1980
291 584
291 904
291 1371
291 1619
291 1315
291 517
291 324
291 1945
292 1373
292 1749
292 1327
292 842
292 1990
292 1335
292 1997
292 1744
292 448
293 1154
293 1674
293 1298
293 1427
293 1009
293 909
293 1087
293 706
293 1696
294 679
294 1072
294 1106
294 1380
294 738
294 1510
295 1050
295 542
295 1774
295 1788
295 552
295 1583
295 1202
295 1459
295 584
295 314
296 1692
296 1959
296 296
296 451
296 1738
297 1027
297 927
297 1057
297 409
297 920
297 685
297 1858
297 594
297 382
298 1181
298 1438
298 578
298 1457
298 1523
299 574
299 1693
299 770
299 1413
299 1170
299 1197
299 941
299 1856
299 751
300 1576
300 322
300 1129
300 1731
300 507
300 1852
300 785
300 1897
300 1474
300 629
301 790
301 1305
301 1706
301 705
301 1274
301 325
301 721
301 1845
301 614
301 891
302 652
302 1037
302 910
302 394
302 725
302 1464
302 761
303 686
303 968
303 681
303 963
303 1387
304 1960
304 406
304 1902
304 1369
305 793
305 933
305 1735
305 1018
305 627
305 443
305 583
306 1050
306 552
306 1202
306 1788
306 1933
306 580
306 584
306 1228
306 348
306 1963
307 529
307 916
307 807
307 703
307 1342
307 1346
308 1419
308 1378
308 709
308 729
308 970
308 1635
308 1741
309 638
309 399
309 409
309 1057
309 983
310 1554
310 933
310 1967
310 1029
310 443
310 707
310 583
310 1018
310 1263
310 1665
311 1289
311 1540
311 1668
311 1179
311 817
311 1816
311 1021
312 689
312 1844
312 375
312 1790
312 511
312 330
312 1897
312 359
312 1820
313 896
313 321
313 1121
313 1729
313 1991
314 1582
314 404
314 948
314 1536
314 710
314 714
314 1100
314 830
314 352
315 515
315 681
315 1940
315 315
315 398
315 1858
315 619
316 1823
316 1909
316 1112
316 338
316 1698
316 834
316 1733
316 1759
316 877
317 903
317 1551
317 1938
317 1553
317 692
317 1681
317 1283
317 1828
317 1639
317 1456
318 1305
318 1706
318 818
318 1845
318 832
318 1490
318 1513
318 1401
319 1184
319 1786
319 1790
319 1830
319 1492
319 333
319 744
319 1304
320 1306
320 956
320 323
320 1247
320 1742
320 1023
320 1115
321 1386
321 815
321 1780
321 862
321 1430
321 321
321 1861
321 341
321 1991
322 1794
322 1415
322 1079
322 953
322 595
322 617
322 526
322 1474
323 1937
323 956
323 959
323 1742
323 854
323 465
323 1011
324 1958
324 904
324 512
324 422
324 1395
324 1315
324 754
324 414
324 1848
324 324
324 989
324 969
324 1454
324 1626
324 810
324 739
324 914
324 1619
325 790
325 1305
325 1706
325 818
325 614
325 891
326 1050
326 542
326 1202
326 580
326 348
326 1714
326 584
326 1777
326 916
327 1417
327 929
327 1211
327 958
327 1373
327 781
327 485
327 1621
327 1804
327 886
327 1282
328 993
328 421
328 1326
328 531
328 1305
328 1585
329 1547
329 1682
329 1819
329 1598
329 1484
329 970
330 794
330 664
330 689
330 546
330 1494
330 744
330 758
330 1916
330 1358
331 1760
331 1444
331 833
331 1982
331 1235
331 759
331 869
331 1650
331 601
332 650
332 1308
332 987
332 1595
332 444
332 755
333 1830
333 689
333 1483
333 750
333 794
333 1325
333 335
333 1897
333 1320
333 499
333 828
333 1642
333 1573
333 1494
333 1335
333 1435
334 1802
334 1058
334 939
334 956
334 465
334 480
334 1128
334 1011
335 1325
335 828
335 1098
335 1897
335 335
335 1320
335 750
335 1887
335 1653
335 365
336 1934
336 1295
336 1524
336 1881
336 1022
337 1823
337 1733
337 1405
337 1623
337 1524
337 1759
337 1135
337 1137
337 1278
337 775
338 1823
338 1194
338 1733
338 983
338 1759
339 914
339 1879
339 1677
339 380
339 994
339 1871
340 1281
340 1154
340 1943
340 1387
341 841
341 1763
341 341
341 1376
341 622
341 633
342 1419
342 797
342 560
342 971
342 1741
342 1437
342 729
342 863
343 1319
343 775
343 1952
343 1575
343 1353
343 1111
343 734
343 1690
343 708
343 1245
343 1787
344 1046
344 1561
344 1693
344 420
344 1078
344 512
345 1415
345 1576
345 1079
345 953
345 1474
345 629
346 1305
346 1845
346 826
346 840
346 1308
347 1467
347 1255
347 789
348 1050
348 542
348 580
348 597
348 1033
348 584
348 1993
348 1228
348 1526
348 1726
348 1608
348 1652
348 1618
348 1777
348 1193
348 627
348 1601
349 389
349 645
349 1196
349 1989
349 1875
349 1240
349 1648
349 1739
349 593
349 1287
349 935
349 1380
349 486
349 1946
349 351
349 913
349 1260
349 1915
350 662
350 1889
350 865
350 1324
350 1527
351 1090
351 1434
351 1989
351 1875
351 1915
352 1536
352 476
352 993
352 1149
353 1560
353 642
353 1967
353 1975
353 443
353 707
354 1223
354 1498
354 1238
354 1846
354 686
354 1378
354 996
355 1921
355 1400
355 619
355 1536
356 510
356 1413
356 1170
356 356
356 751
357 1932
357 678
357 679
357 1485
357 1232
357 1752
357 738
358 1536
358 404
358 1070
358 568
358 456
358 1112
359 1918
359 565
359 1291
360 541
360 1597
360 1220
360 1870
360 1103
360 1373
360 783
361 556
361 896
361 444
361 574
361 1010
361 1110
361 846
361 1480
361 458
361 1698
362 945
362 1729
362 1987
362 468
362 481
362 1580
363 1049
363 1966
363 908
363 1992
363 865
363 595
363 1663
363 836
364 958
364 643
364 1556
364 669
364 776
364 1924
364 482
364 878
365 443
365 1967
365 1449
365 642
365 613
365 1554
366 389
366 1118
366 1383
366 979
366 811
367 781
367 1452
367 1463
367 1211
367 572
367 1867
367 975
367 1375
367 1094
367 1476
367 1071
368 641
368 915
368 1429
368 1188
368 1458
368 1097
368 997
369 1156
369 1801
369 521
369 1418
369 1700
369 1518
369 899
369 624
369 632
369 536
369 524
369 792
369 995
369 1006
369 513
369 973
369 1066
369 1335
369 1746
369 1706
370 823
370 1209
370 541
370 1597
370 1978
370 803
371 687
371 371
371 1045
371 1218
372 783
372 1297
372 1584
373 1412
373 646
373 1029
373 1896
373 492
373 493
374 653
374 1054
374 711
374 1093
374 1907
374 1532
374 895
375 664
375 689
375 1593
375 1898
376 1510
376 619
376 473
376 647
376 540
376 696
376 1838
376 548
377 1280
377 650
377 1308
377 1467
377 1349
377 982
377 990
377 961
377 1166
377 1642
377 1007
378 386
378 1682
378 1819
378 1720
378 860
379 1827
379 1721
379 1236
379 1523
379 546
379 1569
379 764
379 985
379 654
379 1192
379 1837
380 966
380 1605
380 914
381 1645
381 1985
381 1368
381 450
382 1415
382 1680
382 594
382 1273
382 1878
382 1407
383 445
383 1219
383 1355
383 1385
383 1527
383 673
383 1142
383 1073
383 1611
383 1850
383 781
383 1697
384 1898
384 1424
384 1814
384 506
384 1337
384 1056
384 1193
384 1582
384 735
385 1176
385 1127
385 525
385 539
385 851
385 1537
385 690
385 1890
385 494
386 730
386 701
386 1598
386 386
386 565
386 809
386 1916
386 1408
386 1819
386 1547
386 1918
386 602
386 1999
386 1322
386 1607
386 860
386 1737
386 728
386 1923
386 1682
386 1800
386 477
387 1075
387 466
387 1850
387 1822
387 1527
387 1355
387 581
387 450
387 991
387 698
387 800
387 949
387 1219
387 1385
388 1357
388 1510
388 540
388 732
389 1938
389 486
389 1257
389 1739
389 593
389 1287
389 1446
389 1434
389 1946
389 588
389 1875
389 1260
390 1048
390 1093
390 1031
390 843
390 547
390 1456
390 1347
390 1917
391 1210
391 391
391 728
391 1545
391 1564
391 924
391 1955
391 421
391 955
391 1299
392 947
392 1426
392 1922
392 1672
392 779
392 1067
392 1839
392 1866
392 477
393 1087
393 1819
393 1131
393 720
393 667
393 1175
393 1624
393 482
393 997
393 1767
393 1442
394 1464
394 1659
394 1644
394 394
394 1204
394 419
394 1351
395 1411
395 1926
395 913
395 727
395 1698
395 520
395 489
395 1930
395 1826
395 1521
395 1270
395 1062
396 878
396 1874
396 638
396 1607
396 1556
396 1658
396 1965
397 1792
397 1251
397 566
397 1555
397 1585
397 1462
398 1038
398 515
398 406
398 1925
398 1369
398 1811
398 398
399 1823
399 827
399 1718
399 927
399 548
399 811
399 579
399 1860
399 531
399 1185
399 1711
399 1273
399 1206
399 1332
399 813
399 479
399 404
399 1861
399 1057
399 1858
399 594
400 1458
400 1819
400 1806
400 914
400 641
400 919
400 1136
400 1516
401 683
401 401
401 1871
401 1686
401 1273
402 466
402 532
402 420
402 631
402 581
403 543
403 768
403 558
403 1573
403 1525
403 1442
403 433
403 1077
403 760
404 948
404 972
404 1924
404 1070
404 476
405 769
405 1283
405 903
405 1551
405 1550
405 1828
405 692
405 1639
406 1685
406 406
406 1963
407 903
407 1551
407 1300
407 1828
407 1639
407 533
408 1036
408 589
408 408
408 1310
408 730
408 1451
409 1143
409 931
409 1875
409 531
409 1203
409 563
409 1332
409 668
409 1186
409 685
409 579
409 1905
409 1273
410 1793
410 1036
410 1158
410 1540
410 1331
410 1279
411 1520
411 1119
411 411
411 1831
411 687
411 819
411 1487
411 476
411 1185
412 1932
412 1695
412 1348
412 678
412 1101
412 1752
413 529
413 703
413 500
413 867
413 1439
413 1320
413 807
413 1743
414 1423
414 1294
414 843
414 422
414 1995
414 810
414 870
415 1230
415 1930
415 1284
415 1255
415 418
415 1698
415 1521
416 763
416 660
416 1560
416 606
416 1723
416 1291
416 1443
416 1957
417 554
417 768
417 1291
417 1442
417 1753
417 1077
417 1950
417 1701
417 558
417 544
417 1161
417 1044
417 1928
417 1525
418 520
418 509
419 910
419 1037
419 1173
419 1385
419 700
420 1548
420 1046
420 1687
420 1561
421 1557
421 1801
421 1198
421 455
421 748
421 1384
421 1994
422 697
422 1315
422 1763
422 715
422 1244
423 522
423 909
423 1302
423 1001
423 665
423 1280
423 819
424 1803
424 1825
424 931
424 1448
424 1067
424 1338
424 477
425 1479
425 1930
425 1737
425 1472
426 1313
426 1149
426 1536
426 1906
426 1646
426 948
426 1929
426 1070
426 456
426 972
426 1100
426 1470
426 1522
426 476
427 1726
427 1823
427 1061
427 1851
427 1715
427 1733
427 988
427 1759
428 662
428 1049
428 1698
428 1892
428 1663
428 1144
429 1850
429 1030
429 1545
429 1564
429 1071
430 1314
430 1323
430 942
430 940
430 440
430 1130
430 695
430 884
431 1956
431 1393
431 1301
431 872
431 607
431 1622
431 447
431 437
431 485
432 668
432 1533
432 1673
432 604
432 449
432 1987
432 575
432 1382
432 1394
433 768
433 1442
433 1291
433 1753
433 544
433 537
433 820
433 1641
433 1077
433 1406
433 1161
433 446
433 1187
433 1448
433 786
433 1237
433 1950
433 731
433 760
433 1481
433 1928
433 1082
433 1525
433 558
433 1807
433 1488
433 1044
433 1701
433 1039
433 1573
433 1017
433 545
433 534
433 433
433 1677
433 1106
433 1594
434 1041
434 1686
434 1689
434 814
434 1478
434 1505
434 753
435 1169
435 1692
435 1959
435 1481
435 1738
435 1205
436 1706
436 1401
436 818
436 474
436 1489
436 601
436 1370
436 891
437 543
437 1961
437 922
437 1331
437 847
438 1628
438 1239
438 862
438 960
438 1722
438 1861
438 478
438 757
439 1289
439 1679
439 1705
439 947
439 1482
439 747
439 1785
439 1137
440 1927
440 926
440 1314
440 942
440 1837
440 884
440 1014
440 1382
441 1670
441 906
441 1423
441 1949
441 1592
441 441
441 556
441 1983
442 1799
442 1012
443 1709
443 693
443 1616
443 1577
443 1224
443 1859
443 684
443 467
443 583
443 793
443 1735
443 1975
443 1275
443 1554
443 960
443 1191
443 1018
443 1358
443 443
443 1449
443 933
443 642
443 1590
443 1473
443 1988
443 480
443 566
444 896
444 1834
444 1043
444 1717
444 1110
444 1234
444 946
444 1716
444 683
444 1643
444 1843
444 574
444 1010
444 1904
444 452
444 444
444 1480
444 885
444 464
444 1736
444 639
444 846
444 1659
444 752
445 692
445 581
445 749
445 1611
445 673
445 466
445 1800
445 1486
445 949
445 1073
445 1059
445 1219
446 722
446 768
446 1807
446 1442
446 760
447 1712
447 1379
447 1586
447 1101
447 997
448 937
448 1070
448 830
449 1194
449 631
449 1673
449 1984
449 1996
449 1335
449 468
449 1382
449 623
449 1162
450 1073
450 694
450 457
450 749
450 1611
450 673
450 1850
450 450
450 1219
450 1397
450 1142
450 753
451 686
451 1223
451 1238
451 1363
451 487
451 458
451 1147
451 770
451 742
452 552
452 683
452 1981
452 574
452 1717
452 1480
452 901
452 1234
452 854
452 1123
452 1643
452 752
452 885
453 987
453 1430
453 1861
453 478
453 495
454 1417
454 920
454 929
454 572
454 1217
454 958
454 1873
454 1810
454 1445
455 1428
455 1129
455 1545
455 1066
455 570
455 824
455 825
455 585
455 1410
455 1386
456 1070
456 1213
456 1100
456 990
456 605
457 1075
457 1219
457 1611
457 705
458 963
458 1606
458 1223
458 1498
458 1387
459 1676
459 1345
459 469
459 1728
459 1441
459 1210
459 1521
460 1682
460 1565
460 1823
460 1450
460 1194
460 1733
460 1112
460 871
460 1515
461 1183
461 1945
461 1177
461 753
461 501
461 1477
461 461
461 1436
461 1246
462 531
462 713
462 548
462 1186
462 594
462 1257
463 1301
463 485
463 1097
463 922
463 1876
463 1928
463 615
464 896
464 1842
464 1717
465 959
465 1011
465 1908
465 465
465 1002
465 1384
466 1822
466 1219
466 986
466 1733
467 684
467 922
468 945
468 604
468 1543
468 712
468 1529
468 1669
468 468
468 591
468 623
468 650
468 1725
468 481
469 682
469 847
469 1445
469 1524
469 1929
470 1664
470 1937
470 722
470 1508
470 1788
470 741
470 1511
470 803
471 1814
471 1715
471 1099
471 1557
471 893
471 735
471 1056
471 1582
471 1038
471 511
471 1679
471 1279
471 1204
472 801
472 1438
472 853
472 1368
472 985
472 1293
472 1968
472 1523
472 1977
473 553
473 1998
473 647
473 1069
473 1504
473 743
473 619
474 790
474 1706
474 818
474 1866
474 1401
475 1189
475 1516
475 1841
475 1477
475 1746
476 1896
476 1008
476 1070
476 1085
476 830
476 1906
476 605
476 1288
476 1350
476 948
476 1149
476 1470
476 1929
476 476
476 1100
476 714
476 568
476 738
477 1539
477 1672
477 931
477 1317
477 1338
477 1866
477 620
477 1331
477 887
477 779
477 1839
477 1803
477 1825
477 1781
477 1477
477 1400
478 1861
478 1991
478 862
478 478
478 815
478 1722
478 1430
478 1065
478 1891
479 1194
479 1309
479 1186
479 811
479 685
479 594
479 1273
480 1115
480 1388
480 1414
480 1058
480 908
480 1908
481 1984
481 737
481 712
481 575
481 1729
481 554
481 1669
481 852
481 1262
481 1172
481 1271
481 481
481 1677
482 859
482 1352
482 701
483 1282
483 1537
483 690
483 1568
483 525
483 1890
484 1688
484 1544
484 1438
484 546
484 1827
484 1980
484 1086
484 1236
485 1458
485 1973
485 1372
485 1913
486 1182
486 675
486 1875
486 812
487 1105
487 1888
487 1243
487 1282
488 1305
488 1706
488 826
488 832
489 1289
489 668
489 1055
489 557
489 1972
489 1090
489 1107
489 1661
490 900
490 906
490 1423
490 1592
490 780
491 1843
491 1717
491 574
491 1692
492 646
492 1809
492 1896
492 1591
492 767
492 1313
492 1920
492 966
492 1868
492 493
492 1143
493 1412
493 796
493 1029
493 1534
493 1000
493 767
493 1313
493 1143
493 1190
494 1282
494 1942
494 1636
494 612
494 1568
494 551
494 527
494 1537
494 1615
494 494
494 1890
494 1971
494 777
494 1203
495 629
495 1861
495 1239
495 1628
495 862
495 648
495 1716
495 757
496 640
496 1166
496 1308
496 987
496 496
496 1028
496 1026
497 1671
497 1937
497 1252
497 741
497 1514
497 1306
497 1791
497 664
497 1146
497 1875
497 571
498 583
498 1571
498 1698
498 1521
498 498
498 1992
499 1320
499 828
499 1786
499 1790
499 499
499 750
499 702
499 1593
499 1901
499 1494
499 1098
499 744
499 1646
499 1615
499 1355
500 1923
500 1163
500 656
500 529
500 916
500 807
500 1743
501 833
501 1681
501 1047
502 650
502 1467
502 1007
502 961
502 1610
503 656
503 529
503 916
503 807
504 833
504 1235
504 504
504 835
505 1362
505 1034
505 1935
505 665
505 934
505 1520
505 984
505 1575
506 1873
506 1764
506 1814
506 1715
506 893
506 1086
506 1639
507 1198
507 688
507 1079
507 1474
507 1779
507 629
507 1952
507 1858
508 872
508 1657
508 1560
508 538
508 1443
508 1723
508 740
508 1664
509 1411
509 1930
509 1826
509 1926
509 509
509 696
510 672
510 849
510 981
511 1099
511 886
511 1655
511 1582
511 511
511 1764
511 1988
511 611
511 1249
511 1715
511 1604
511 1214
511 1331
511 736
512 963
512 1160
512 1460
512 1594
512 1580
513 624
513 632
513 1015
513 804
513 1006
513 521
513 524
513 1801
513 513
513 1156
513 1294
513 1579
513 1940
513 1985
513 853
514 1098
514 1649
514 943
514 1209
514 1051
514 741
514 1285
514 1714
514 1103
515 1940
515 681
515 1204
515 1925
516 1836
516 1563
516 638
516 795
516 1658
516 1707
516 902
516 1556
516 878
516 1798
517 1029
517 1708
517 905
517 1416
517 668
517 1649
517 1055
517 557
517 1746
517 1661
517 1161
518 1453
518 1069
518 1222
518 1749
518 767
518 1335
518 1744
518 650
518 1164
518 1383
518 1101
519 1823
519 1215
519 1845
519 1855
519 1084
519 943
519 788
519 1706
519 1490
520 1284
520 1737
520 802
520 527
520 1930
520 1826
520 1698
521 899
521 1156
521 624
521 1752
521 1418
521 792
521 973
521 1497
521 1597
522 964
522 1883
522 1080
522 1041
522 1119
522 1019
522 1034
522 1045
522 829
522 1476
522 984
522 1016
523 1216
523 1502
523 1475
523 1274
523 569
523 763
523 1743
524 1156
524 1015
524 536
524 1700
524 973
524 899
524 792
524 1418
524 804
524 995
524 1518
524 534
525 1282
525 1942
525 1531
525 1063
525 1636
526 1678
526 798
526 1862
526 892
526 1924
526 1081
527 1983
527 1971
527 1127
527 635
527 596
528 1281
528 1154
528 528
528 1684
528 1254
529 1133
529 710
529 1413
529 1702
529 1148
529 1439
529 1743
529 1965
529 1023
529 807
529 1016
529 703
529 573
529 1782
529 656
529 1776
529 657
529 1270
529 1469
529 1817
529 1207
529 814
529 1944
529 1346
529 1976
529 1697
529 718
529 1334
529 822
529 596
529 1306
529 1665
529 690
529 916
529 1559
530 1931
530 1666
530 908
530 991
530 662
530 1049
530 1501
530 1259
530 535
530 1905
530 1305
531 1680
531 531
531 813
531 1185
531 811
531 1732
531 1860
531 713
531 1905
532 782
532 1548
532 547
532 1046
532 1687
532 631
533 1664
533 1671
533 1357
533 1675
533 586
533 1508
533 1511
533 1773
533 930
534 768
534 1039
534 1807
534 1237
534 1082
534 667
534 1442
534 1573
534 1641
534 760
535 740
535 1868
535 965
535 1560
535 1443
535 1192
535 1723
536 1801
536 1579
536 1518
536 1404
536 1700
536 973
537 768
537 1044
537 820
537 1187
537 1161
537 1323
537 1442
537 1641
537 760
538 1560
538 1633
538 621
538 1443
538 1581
538 1723
538 1540
538 1832
539 1537
539 1063
539 1568
539 1282
539 1890
539 690
539 1983
539 635
540 1779
540 618
540 647
540 898
540 1868
540 619
541 1285
541 1318
541 1051
541 1583
541 1714
541 576
542 1033
542 1050
542 584
542 1652
542 1726
542 597
542 542
542 1040
542 1202
542 580
542 1610
543 1301
543 922
543 1441
543 1913
543 974
543 682
543 1393
543 1429
543 838
544 1526
544 768
544 1807
544 1950
544 545
544 544
544 820
545 768
545 1683
545 820
545 786
545 1753
545 1442
545 1481
545 1641
545 760
546 1200
546 1601
546 1394
546 1645
546 1697
546 1721
546 1985
547 1443
547 1031
547 1808
547 1824
547 895
548 878
548 1511
548 927
548 1206
548 1680
548 1871
548 594
548 1905
548 1273
549 1035
549 1038
549 549
549 700
549 1351
550 1831
550 1392
550 1001
550 784
550 1311
550 1380
550 1883
551 1282
551 1537
551 551
551 1266
551 1615
552 1050
552 1060
552 879
552 1583
552 1202
552 580
552 1993
552 584
552 1180
553 898
553 1705
553 732
553 861
553 619
554 1172
554 591
554 1382
554 1984
554 1500
554 604
554 1262
555 897
555 1840
555 1330
555 1452
555 560
555 1833
555 975
555 943
555 1332
556 1422
556 1949
556 1670
556 850
556 799
557 905
557 907
557 1661
557 1199
557 1694
557 1218
557 1778
557 1679
557 728
557 839
557 1972
557 568
557 1785
557 1568
558 768
558 1807
558 1442
558 806
558 1481
558 1641
558 760
559 559
559 1739
559 1380
559 1196
559 1567
559 1250
560 1419
560 797
560 571
560 1513
560 1076
560 971
560 879
560 1620
561 1007
561 1155
561 1625
561 1853
561 1231
561 1374
561 561
561 1844
561 1246
562 1812
562 1558
562 1438
562 1394
562 1721
562 600
563 1186
563 1446
563 685
563 1456
564 1857
564 1669
564 1291
564 1271
565 1769
565 976
565 1598
565 1916
566 1792
566 1589
566 1108
566 1912
566 1340
566 1877
566 916
567 1719
567 567
567 1789
567 738
568 1070
568 973
568 605
569 1154
569 671
569 1281
569 1849
569 1815
569 1796
569 706
569 763
570 1445
570 944
570 666
570 837
570 1337
570 1994
571 1949
571 1419
571 1122
572 897
572 1452
572 1630
572 1867
572 836
572 1789
572 1136
573 1703
573 1520
573 1078
573 1139
574 1517
574 896
574 1716
574 1717
574 885
574 1123
574 1842
574 1880
574 1010
574 752
574 1981
574 1736
575 805
575 1673
575 945
575 585
575 1984
575 1503
576 1051
576 943
576 1963
576 1103
576 1209
576 1870
576 1339
576 1126
576 805
576 1318
576 1221
577 1536
577 1070
577 830
577 972
577 1646
577 760
577 710
578 654
578 1569
578 1236
578 1019
578 1741
579 811
579 685
579 1332
579 813
579 1206
579 1948
579 1860
579 594
580 1033
580 1050
580 1202
580 1610
580 1652
580 1526
580 1993
580 1608
580 1777
580 597
580 1618
580 1060
580 1774
580 1583
580 1000
580 1151
580 1500
580 584
580 1461
581 1075
581 694
581 1219
581 1385
582 774
582 1303
582 1712
582 997
582 742
582 1101
582 1004
583 1173
583 933
583 1358
584 1050
584 1202
584 1993
584 1610
584 1774
584 1526
584 1618
584 1033
584 1583
584 1459
584 597
584 1060
584 1788
584 1652
584 1608
584 584
584 1228
584 1777
584 879
584 1726
584 1201
584 1231
585 621
585 944
585 816
585 926
586 1233
586 1160
586 1821
586 719
586 977
586 1511
587 1296
587 1042
587 945
588 645
588 1425
588 1230
588 1648
588 1989
588 935
588 1434
588 1287
588 1383
588 1875
588 1241
588 1768
588 1260
589 1540
589 1310
589 817
589 1021
590 1211
590 1453
590 1335
590 1113
590 1922
590 1744
590 1749
590 855
590 1118
591 1669
591 1673
591 1970
591 1500
591 1508
591 623
592 778
592 1453
592 1335
592 1069
592 1113
592 1609
592 1744
592 1083
592 1749
593 1560
593 935
593 1287
593 1081
593 1875
594 1680
594 811
594 827
594 594
594 1711
594 1860
594 1878
594 685
594 1309
594 1134
594 1446
594 1332
594 1186
594 1057
594 1175
594 604
595 1222
595 1198
595 1079
595 850
595 746
595 1522
595 629
596 1335
596 1997
596 1125
596 842
596 1188
596 1886
597 1202
597 1993
597 1777
597 1788
597 879
597 1618
597 1583
597 1748
598 1560
598 1443
598 1723
599 1723
599 1419
599 971
599 1122
600 1438
600 853
600 1236
600 1086
600 1019
600 1551
601 1026
601 1444
601 801
601 1339
601 1782
602 1682
602 1598
603 1154
603 1813
603 706
603 1362
603 1281
603 1158
603 1560
603 1616
603 623
604 1669
604 1970
604 1984
604 1730
604 1402
604 1080
605 816
605 1536
605 1288
605 1070
605 830
605 1100
605 824
605 1149
606 1723
606 1013
606 740
606 1893
606 1505
606 1791
607 641
607 1804
607 1188
608 1576
608 1198
608 688
608 1079
608 1212
608 1474
608 629
609 678
609 679
609 1752
609 1356
609 851
609 1099
610 1228
610 1163
610 916
610 718
610 1627
611 1582
611 1715
611 735
611 893
611 1988
611 1495
612 690
612 1890
612 1127
612 1615
612 1282
612 1601
613 1554
613 793
613 1735
613 1018
614 1305
614 1586
614 1845
614 696
614 614
615 1441
615 1876
615 872
615 674
616 1821
616 938
616 1303
616 1352
616 859
617 1198
617 1474
617 1212
617 1360
617 1833
617 1524
617 629
618 861
618 1504
619 732
619 619
619 1998
619 861
619 1629
619 1740
620 650
620 931
620 1317
620 1781
620 1768
620 1825
620 1770
620 1539
620 1803
620 1377
620 620
620 847
621 1443
621 1192
621 1723
621 1581
622 1947
622 1204
622 1024
622 1757
622 1167
622 1436
622 1902
622 1816
622 1052
622 622
623 1970
623 1673
623 1543
623 945
623 1729
623 882
623 1172
623 1262
623 1730
623 669
624 1591
624 899
624 1156
624 1418
624 792
624 1579
624 1426
624 1762
625 1809
625 1221
625 1534
625 1704
626 1794
626 1026
626 801
626 1444
626 833
626 1235
626 869
627 1924
627 902
627 1556
627 795
627 1903
627 1658
628 1438
628 1086
628 1347
628 1968
628 1473
628 657
629 1415
629 1594
629 1117
629 1198
629 1474
629 1524
629 688
629 1576
629 1522
629 1779
629 1129
629 856
629 1360
629 1003
629 1079
629 746
629 1731
629 1852
629 785
629 863
629 629
629 953
629 1291
629 998
629 1869
630 902
630 776
630 1556
630 669
630 878
630 1276
630 1658
631 1687
631 1242
631 1693
631 1337
631 1390
631 1175
631 1702
632 1876
632 1156
632 1801
632 1700
632 995
632 1218
633 662
633 1757
633 1376
633 1902
633 1204
633 1024
633 633
633 1816
633 1763
633 1286
633 1931
633 933
634 1428
634 668
634 1055
634 1708
634 747
634 1956
634 1661
635 1585
635 1282
635 690
635 1568
635 943
636 919
636 981
636 874
636 1124
636 1745
636 849
636 1433
637 958
637 1833
637 1789
637 1417
637 1345
637 845
637 1373
638 1715
638 1924
638 717
638 878
638 1658
639 896
639 1842
639 846
639 752
640 961
640 1280
640 1595
640 1894
640 678
640 1349
640 1836
640 1348
641 1959
641 1441
641 1728
641 847
641 641
641 1956
641 1321
641 1723
642 1191
642 1449
642 1709
642 750
642 1554
642 1473
642 655
642 1262
642 1566
643 1903
643 1924
643 1556
643 1563
643 795
643 878
644 1684
644 1815
644 1849
644 1087
644 671
644 1461
644 1254
644 1105
644 1805
644 1361
644 763
645 1627
645 1261
645 1138
645 1989
645 1875
645 979
645 1240
646 773
646 1896
646 966
646 935
646 796
646 1313
646 1891
647 1295
647 1110
647 1921
647 1366
647 1998
647 1629
648 819
648 1628
648 1780
648 1632
648 1991
649 649
649 910
649 1351
650 1280
650 1468
650 961
650 1894
650 1008
650 650
650 951
650 1007
650 1166
650 1145
650 1255
650 982
650 987
650 1910
650 1865
650 1440
650 1467
650 990
651 1953
651 1197
651 1432
651 1290
651 1083
651 1250
651 941
651 751
652 1497
652 761
652 1644
652 1464
652 1173
652 700
653 925
653 1795
653 1165
653 1093
653 653
653 1808
653 1456
653 843
653 1917
654 1645
654 1985
654 967
654 1968
654 795
655 794
655 1484
655 1136
655 917
656 1427
656 1163
656 822
656 1207
656 1944
656 1469
656 657
656 1697
656 1817
656 718
656 1162
656 708
656 916
656 807
657 1163
657 1148
657 916
658 658
658 1365
658 1642
658 917
658 1124
659 1796
659 1954
659 1266
659 1694
659 659
659 1428
659 1055
659 1107
660 1657
660 1040
660 965
660 791
660 1560
660 1443
661 777
661 1555
661 1152
661 1734
661 1585
661 1108
661 1279
661 1877
662 1153
662 1666
662 1049
662 1120
662 1992
662 765
662 865
662 1509
662 1570
662 1592
663 900
663 1670
663 799
663 1950
664 758
664 750
664 1790
664 1901
664 828
664 698
665 909
665 1302
665 934
665 993
665 1831
666 1409
666 1141
666 837
666 1701
666 1820
667 768
667 1481
667 1187
667 1039
667 1442
667 1641
667 1017
668 1416
668 668
668 1090
668 1703
668 1778
668 1954
668 980
668 1055
668 1747
668 1266
668 1199
668 1650
668 844
668 1972
668 839
668 1107
668 1344
668 1365
668 1270
668 1974
668 1746
668 1661
668 1880
668 1829
669 1494
669 1662
669 902
669 1924
669 1563
669 1836
669 1603
669 1903
669 795
669 1637
669 1152
670 1924
670 878
670 1874
670 795
670 1150
670 1637
670 1658
671 1154
671 1674
671 1684
671 1168
671 1324
671 1281
671 1298
671 841
671 1087
671 1254
672 914
672 889
672 874
672 921
673 1800
673 1219
673 673
673 1850
673 937
674 1913
674 1665
674 1314
674 695
675 1507
675 1946
675 1230
675 1989
675 979
676 1034
676 1935
676 784
676 798
676 1435
676 1793
676 1831
676 819
676 1354
677 1897
677 1653
677 1320
677 689
677 1981
677 702
677 962
677 944
677 1835
678 1695
678 1447
678 1180
678 679
678 1232
678 1381
678 1503
678 680
678 738
679 1072
679 1106
679 1752
679 1229
679 1710
679 1719
679 851
679 1683
679 1447
679 1348
680 1695
680 680
680 1760
680 1447
680 1719
680 1106
680 1752
681 1925
681 1296
681 883
682 1301
682 907
683 1981
683 1010
683 1110
684 1967
684 1577
684 897
685 1057
685 1732
685 1186
685 1203
685 1878
685 713
685 1185
685 1680
685 813
685 1134
685 1711
685 1156
685 806
686 742
686 978
686 1915
686 963
686 1606
686 1105
687 1811
687 1935
687 1302
687 1435
687 1034
687 1177
687 829
688 1415
688 1198
688 1724
688 1117
688 1731
688 892
688 1079
688 953
688 1474
688 884
688 1729
689 1325
689 1844
689 750
689 962
689 1483
689 1786
689 702
689 1790
689 1901
689 809
689 1127
689 1887
689 1088
689 1283
690 1166
690 1282
690 1615
690 1890
690 1942
690 745
690 1247
691 1159
691 1327
691 1587
691 1541
691 1593
691 1335
691 1749
691 1886
691 1259
691 903
692 1551
692 1550
692 1553
692 769
692 1681
692 1771
692 903
692 1938
692 1425
693 1616
693 1859
693 1473
693 1358
694 860
694 1800
694 1822
694 1075
694 698
694 726
694 1219
694 1142
695 782
695 1314
695 884
695 1835
695 1130
695 1962
695 940
695 1755
695 926
695 1329
695 1479
695 1872
696 1483
696 833
696 1316
696 1855
696 942
696 1401
697 1626
697 1315
697 1122
697 715
697 1244
697 754
698 1800
698 986
698 749
698 1611
698 1219
698 1787
699 928
699 1314
699 1064
699 1323
699 1068
699 1329
699 884
699 1014
700 1497
700 1748
700 1003
700 1644
700 1785
701 1923
701 1682
701 1872
702 1184
702 1844
702 962
702 886
702 1792
702 1191
703 1115
703 1163
703 1299
703 916
703 807
703 1976
703 1782
704 780
704 1592
704 1422
704 850
704 1670
704 906
704 1949
704 1939
704 1327
705 1372
705 790
705 1305
705 1493
706 1254
706 1064
707 1443
707 1975
707 1735
707 1577
707 1007
707 1018
708 775
708 1690
708 1952
708 1798
708 999
708 1136
708 1111
708 1245
709 1419
709 1437
709 971
709 1513
709 1741
709 721
709 1765
710 919
710 1536
710 937
710 972
711 1421
711 1986
711 1824
711 1268
711 843
711 895
712 1669
712 1543
712 1673
712 1984
712 1996
712 1047
713 827
713 1057
713 813
713 1905
713 1134
713 1203
713 834
713 1273
714 1647
714 1213
714 937
714 1939
715 810
715 1617
715 1460
715 1740
715 1754
715 1997
715 1619
716 1511
716 1838
716 1478
716 1625
716 1047
716 1155
716 1850
716 1246
717 776
717 1556
717 1924
717 941
717 878
718 1682
718 1539
718 916
718 807
718 1334
719 1085
719 830
719 1179
720 1712
720 950
720 1352
720 1101
720 1624
720 1824
721 1419
721 1741
721 1139
721 970
721 729
721 1054
721 1052
722 1538
722 1664
722 1773
722 722
722 1519
722 1431
722 883
722 1252
722 1675
722 1226
722 1821
722 1791
723 849
723 1941
723 1890
723 1273
724 1538
724 1667
724 1467
724 1865
724 987
724 990
724 1025
725 1033
725 1997
725 1103
725 1419
725 1437
725 1481
726 777
726 1555
726 1455
726 1340
726 1585
726 1877
726 1315
727 1104
727 1411
727 1284
727 1930
727 1926
727 1364
727 1740
728 905
728 1679
728 1428
728 1055
728 745
729 1419
729 971
729 1741
729 1437
729 1491
730 1923
730 1682
730 1819
730 1372
730 1547
730 1527
730 1769
731 1807
731 1442
731 1077
731 1641
731 760
732 1998
732 1558
732 861
732 1510
733 1474
733 935
733 1027
733 775
733 1952
733 1613
733 1245
733 1787
734 775
734 1952
734 1111
734 1109
734 1741
734 1762
734 1787
735 1214
735 1557
735 1193
735 1099
735 1056
735 1988
735 735
735 1655
735 893
735 1397
735 760
736 1676
736 1042
736 1321
736 1345
736 876
736 1188
736 1893
737 1984
737 1172
737 1987
738 1180
738 1381
738 1710
738 1932
738 1201
738 1695
738 1232
738 738
738 851
738 1485
738 1348
738 1752
738 1530
738 1442
738 1922
739 1361
739 1794
739 833
739 1863
739 1094
739 852
740 1443
740 1723
740 1482
740 1343
740 1328
740 1233
740 1192
740 1016
740 1147
740 1638
740 1546
741 1937
741 1431
741 1508
741 977
741 1306
741 1511
741 1176
741 1533
741 1773
741 1519
741 1821
741 1003
741 1146
741 916
742 963
742 1990
742 930
743 1329
743 861
743 1510
743 1162
743 1020
744 1901
744 1887
744 1317
745 1942
745 1636
746 1198
746 1079
746 953
746 1474
746 1724
746 1841
747 905
747 1747
747 1195
747 1661
748 906
748 1410
748 1564
748 816
748 825
748 1994
749 1073
749 1385
749 1872
750 1844
750 1483
750 1897
751 1736
751 1290
751 1170
751 1432
751 1083
751 770
751 1856
751 1197
751 751
751 921
751 803
751 1953
751 1988
751 1964
752 1973
752 967
752 1365
752 1736
752 1981
752 752
752 1480
752 1834
752 885
752 1110
752 1643
752 1178
752 962
752 1816
753 1945
753 1841
754 1244
754 1226
755 904
755 1958
755 1454
755 1157
756 1825
756 931
756 1067
757 1430
757 1727
757 1256
757 1121
757 1991
757 757
758 1897
758 1830
758 758
758 1920
759 1794
759 1444
759 1982
759 833
759 1312
759 998
759 1832
760 768
760 1573
760 1701
760 1044
760 1077
760 1017
760 1928
760 1161
760 1448
760 1950
760 1488
760 1237
760 1683
760 820
760 1753
760 760
760 1442
760 1406
760 1525
760 1807
760 1668
761 1723
761 1173
761 1351
761 1038
761 1748
761 1659
761 1035
761 1938
761 1070
761 1861
762 1849
762 1410
762 1030
762 955
762 1386
763 1154
763 1216
763 1531
763 977
764 1544
764 1438
764 1827
764 932
765 1992
765 1501
765 1492
765 1734
765 1631
765 834
766 1552
766 1820
766 1955
766 955
767 1412
767 1029
767 1313
767 1143
767 796
767 1809
767 898
768 1375
768 1683
768 768
768 1077
768 786
768 1082
768 820
768 1488
768 1481
768 1442
768 1406
768 1807
768 1573
768 1187
768 1017
768 1641
768 1448
768 1044
768 1039
768 1237
768 1525
768 918
768 1531
768 1595
769 1938
769 1884
769 903
769 1551
769 1550
769 1639
770 1336
770 1413
770 1494
770 1290
770 1197
770 941
771 1745
771 1739
771 1021
771 1062
772 1443
772 1220
772 1209
772 1869
772 943
772 1339
773 1896
773 1809
773 1000
773 1591
773 1029
773 918
773 966
774 1101
774 1712
774 786
774 1175
775 999
775 1027
775 1111
775 1575
775 1613
775 1150
775 873
775 1951
775 1690
775 1798
775 1787
775 1353
775 1762
775 1014
775 1864
776 1924
776 902
776 1836
776 1614
776 1556
776 795
776 878
776 1903
776 1658
777 1462
777 1931
777 1555
777 1585
777 1734
777 1877
777 905
778 1997
778 778
778 781
778 1335
778 1749
778 1634
779 1700
779 1839
779 1400
779 1377
779 1780
779 931
779 1631
780 850
780 900
780 1422
780 1949
780 1255
780 1592
780 1341
780 1541
780 1111
781 1417
781 920
781 1750
781 1463
781 1936
781 1840
781 1217
781 1375
782 1014
782 1665
782 928
782 1068
782 940
783 1411
783 1542
783 1420
783 1133
783 1096
783 1151
783 1614
783 1566
783 1829
783 1584
784 1678
784 1041
784 1354
784 1001
784 1696
784 819
784 821
784 798
784 934
784 959
785 1603
785 1351
785 1415
785 1694
785 1576
785 1198
785 1724
785 1522
785 1779
786 1844
786 1968
786 1928
786 1044
786 1950
786 1442
786 820
786 1641
787 1169
787 1931
787 1692
787 1492
787 1171
787 988
788 1084
788 1401
788 1586
789 1608
789 1040
789 1482
789 1845
789 1560
789 1443
789 936
789 1581
789 1723
789 1233
790 1096
790 1578
790 1528
790 840
790 1602
790 1855
790 1062
790 1274
790 1457
790 1489
790 813
790 1908
790 1305
790 1706
791 1794
791 1026
791 1912
791 1300
791 1444
791 833
792 1156
792 1579
792 1797
792 1507
792 1006
793 1554
793 960
793 1709
793 1018
793 938
793 1810
793 1616
793 1440
793 1577
794 1830
794 1653
794 1642
794 1593
794 1494
794 1887
794 1897
794 1521
795 1556
795 902
795 1658
795 878
795 1637
795 1903
796 966
796 1591
796 1221
796 1920
796 1157
796 1143
797 1930
797 1419
797 1765
797 1491
797 1635
797 904
797 1076
797 1276
797 1239
798 1678
798 892
798 1302
798 964
798 952
798 934
799 906
799 1423
799 1939
799 799
800 1169
800 1692
800 1699
800 1567
800 1959
801 1404
801 869
801 1248
801 833
801 1914
801 1116
801 1982
802 1397
802 1284
802 1930
802 1698
802 1364
803 1440
803 1432
803 1083
804 1797
804 1418
804 1700
804 1693
804 995
804 1006
805 1285
805 1818
805 1126
805 823
805 943
805 1978
806 1897
806 1160
806 1675
806 1671
806 1508
807 878
807 1818
807 916
807 1053
807 1162
807 1596
807 1743
807 1299
807 1346
807 822
807 807
807 1148
807 867
807 1965
807 1976
807 1270
807 1782
807 814
807 1163
807 1702
807 1205
807 1079
807 1121
808 1541
808 855
808 1336
808 1327
808 1718
808 1335
808 1208
808 1744
808 1749
808 1886
808 895
809 1819
809 1999
809 1322
809 1098
809 1720
810 1157
810 904
810 969
810 1371
810 1315
810 1722
811 1186
811 1057
811 1134
811 1483
811 1273
812 1932
812 1413
812 1290
812 1328
813 1871
813 1273
814 1163
814 916
814 1149
814 1334
815 887
815 1628
815 903
815 1722
815 1991
816 1530
816 1704
816 1071
816 1066
816 1507
816 1552
816 1493
816 824
817 1540
817 1668
817 1451
817 1793
817 1179
817 1819
817 1977
818 1305
818 1457
818 1215
819 1815
819 1311
819 964
819 1001
819 909
819 1392
819 1302
819 1862
819 1102
819 1080
820 1161
820 1291
820 1807
820 1039
820 1442
820 1044
820 1641
820 1446
821 922
821 1321
821 1961
821 1956
821 939
821 1913
822 1162
822 1702
822 1965
822 1520
823 1714
823 1126
823 1963
823 1697
823 1339
823 1112
824 1820
824 1994
824 1545
824 1484
825 1820
825 1030
825 955
825 1092
825 1386
826 1305
826 1706
826 1845
826 1241
827 1185
827 1186
827 1057
827 1878
827 1273
828 1844
828 1786
828 1325
828 1470
828 1483
828 1898
829 1935
829 909
829 1520
829 1302
829 1505
829 858
830 1288
830 1074
830 1350
830 1906
830 972
830 830
830 948
830 1646
830 1270
830 1414
831 1922
831 1566
831 1584
831 1096
831 1100
831 1133
831 1651
832 1921
832 1706
832 1845
832 1499
832 1089
833 1612
833 1794
833 1094
833 1444
833 1116
833 1912
833 1404
833 869
833 1091
833 1914
833 833
833 1863
833 1605
833 1982
833 968
834 1142
834 1823
834 1194
834 1851
834 1759
834 871
834 1733
834 877
834 1561
835 1438
835 1569
835 1190
835 1725
835 1991
836 920
836 1867
836 845
836 975
836 1621
836 1373
837 1545
838 1792
838 1152
838 1877
838 1389
839 1416
839 905
839 1428
839 1694
839 947
839 1972
839 844
839 1746
839 1107
839 1661
840 1009
840 1342
840 1586
840 849
841 1340
841 1589
841 1144
841 1760
841 1264
842 1335
842 1208
842 1336
842 976
842 1464
842 855
842 1886
842 1265
842 1165
843 1824
843 1986
843 1907
843 1933
843 843
843 1456
843 1054
843 1917
843 888
843 1048
843 957
843 925
843 1808
843 1093
843 1691
843 912
843 895
843 1807
843 1084
844 1060
844 1428
844 1708
844 1974
844 947
844 1964
844 1344
844 1746
844 1661
845 1867
845 1750
845 897
845 1855
845 975
846 1716
846 1834
846 1717
846 1904
846 946
846 1110
846 854
846 1802
847 1676
847 1321
847 872
847 1440
848 1689
848 1478
848 1342
849 1828
849 1806
849 849
850 906
850 1423
850 1949
850 1592
851 1278
851 1932
851 1180
851 1072
852 1669
852 1984
852 1500
852 1503
853 1663
853 1321
853 932
853 1236
854 1842
854 901
855 1857
855 976
855 1277
855 1609
855 877
855 1265
855 948
856 1415
856 1576
856 1198
856 1474
857 905
857 1964
857 1090
857 1747
857 1708
857 1209
857 1661
857 1219
858 1034
858 1935
858 1302
858 858
858 964
858 880
859 1101
859 1131
859 1819
859 997
859 1004
860 1193
860 1547
860 1682
860 1598
860 1916
861 1998
861 1121
862 1025
862 1991
862 1267
862 1256
863 1576
863 1198
863 953
863 1594
863 1212
863 1474
864 1047
864 1562
864 1838
864 1168
865 1153
865 1666
865 1049
865 1501
865 1120
865 1992
865 1107
866 1560
866 1443
866 1723
866 1482
866 965
866 1407
866 1633
866 1083
866 1893
866 884
867 1187
867 916
867 1023
867 1976
867 1040
868 1438
868 1314
868 1068
868 1329
868 1755
868 884
869 1794
869 1444
869 1094
869 895
870 1740
870 1371
870 1244
870 1958
870 1859
871 1194
871 1733
871 1759
871 1112
871 1823
871 1391
871 988
871 877
871 1491
871 1515
871 1196
872 1441
873 1690
873 1951
873 1952
873 1109
873 1787
874 1677
874 1505
875 1220
875 1175
875 1712
875 1131
875 1004
876 1441
877 1733
877 1759
877 1135
877 877
877 1278
877 1194
877 1766
877 1112
877 988
877 1130
877 1137
878 1924
878 902
878 1637
878 1272
878 1563
878 878
878 1836
878 1903
878 1658
878 1394
879 1033
879 1050
880 1182
880 935
880 1875
880 1790
880 1305
881 1223
881 1411
881 1930
881 913
881 1826
881 1698
881 1718
882 1543
882 1382
883 1508
883 1511
883 1514
883 1773
883 1146
883 1179
884 985
884 1927
884 1068
884 1323
884 884
884 1835
884 1329
884 926
884 942
884 1064
884 1872
884 1014
884 992
884 1837
884 1130
884 940
884 1104
884 1755
884 928
885 896
885 1717
885 1834
885 1010
885 1716
885 1123
885 885
886 886
887 1317
887 1839
887 1866
887 1400
887 1067
887 931
888 1335
888 1450
888 1687
888 1031
888 1158
888 1917
888 895
888 1273
889 1745
889 1136
890 1317
890 1419
890 971
890 1741
891 1305
891 1586
891 954
891 1084
892 1831
892 1001
892 1564
893 1193
893 1988
893 1604
893 1318
894 1096
895 1986
895 1907
895 1048
895 912
895 1795
895 1691
895 1808
895 1031
895 1421
895 925
895 1334
896 1716
896 1880
896 896
896 1842
896 1834
896 946
896 1843
896 1043
896 1904
896 1717
896 921
896 1736
896 1234
896 1286
897 1452
897 1211
897 1621
897 1373
897 1375
897 1102
898 1296
898 1447
898 1032
898 1748
898 1132
899 1418
899 1568
899 1797
899 1700
899 973
899 995
899 1170
900 1592
900 1423
900 1939
900 1639
900 1390
901 1990
901 1632
901 1795
901 1036
901 1310
902 902
902 1658
902 1563
902 1581
902 1556
902 924
903 1373
903 1551
903 1828
903 1681
903 1639
903 1553
903 1771
903 1526
903 1550
903 1938
903 1403
904 989
904 1366
904 1371
904 1754
904 1326
904 1848
904 1244
904 1466
904 1617
904 1268
904 1988
905 1199
905 1090
905 1747
905 1289
905 911
905 1703
905 1266
905 1954
905 1428
905 1972
905 1661
906 906
906 1949
906 1592
906 1799
907 1705
907 1218
907 1785
907 1679
907 1428
907 1661
908 1153
908 1992
908 1440
908 1509
908 1049
908 1889
909 1087
909 1001
909 1302
909 964
909 993
909 1831
909 952
909 1667
909 1935
909 1847
910 1037
910 1659
910 1001
910 1351
910 1644
911 1218
911 1974
911 947
911 1428
912 1599
912 1795
912 1031
912 1933
912 1100
912 1808
912 957
913 1930
913 1174
914 1870
914 1784
914 1806
914 1124
914 1227
914 1879
914 1745
914 1761
914 1367
914 1136
915 1676
915 1855
915 923
915 1188
915 1961
915 1387
916 1299
916 1053
916 1965
916 1148
916 1559
916 1163
916 1270
916 1334
916 1016
916 1023
916 1439
916 1976
916 1162
916 1596
916 1702
916 1776
916 1782
916 1944
916 1697
916 1346
916 1817
916 1207
916 1469
916 916
916 1743
916 1549
917 1784
917 994
917 1300
918 1931
918 1169
918 918
918 1692
918 1738
918 1531
919 1459
919 1537
919 1409
920 1789
920 1630
920 1088
920 1373
920 1097
921 1413
921 1290
921 1432
921 1953
922 1042
922 1441
922 923
922 1961
923 974
924 1410
924 1955
924 944
924 1820
924 1911
924 1853
925 1795
925 1808
925 1421
925 1942
925 1054
925 1456
925 957
926 992
926 1755
926 928
926 1064
926 1962
926 1835
926 1014
927 1188
927 1905
927 1186
927 1711
927 1134
928 1665
928 1962
928 1068
929 1833
929 1840
929 929
929 1373
929 1270
929 1463
929 1375
930 1993
930 1571
930 1521
931 1781
931 1331
931 1426
931 1539
931 1866
931 931
931 1770
931 1803
931 1067
931 1400
931 1839
931 1377
931 1631
931 1163
932 1438
932 1985
932 1968
932 1236
932 1410
933 1810
933 1191
933 1473
934 1190
934 1935
934 1045
934 1102
934 1311
934 1080
934 1487
934 1392
934 1678
934 1862
934 1831
934 1866
934 1463
934 1476
935 1889
935 1434
935 1287
935 1875
936 1443
936 1775
936 1723
936 1957
936 1581
936 965
936 1560
936 1936
936 1688
936 1455
936 1482
936 1756
936 1272
936 1063
937 1152
937 1085
938 1191
938 1577
938 1975
938 1859
938 1018
938 964
938 1958
939 956
939 1414
939 1058
939 1247
939 1765
939 1002
940 1962
940 1323
940 1835
940 1837
940 1600
940 1047
941 1953
941 1432
941 1661
942 1927
942 1329
942 992
942 1917
942 1755
942 1352
943 1285
943 1963
943 1713
944 1030
944 1820
944 1564
944 1552
945 1172
945 1529
945 1271
945 1970
945 1081
945 1673
945 1647
945 1500
945 1503
945 1262
946 1123
946 1843
946 1842
946 974
946 1736
946 1314
946 1064
947 1572
947 1746
947 1107
947 1661
948 1236
948 1085
949 1800
949 1073
949 1219
949 986
949 1142
950 1712
950 950
950 1379
950 1004
951 1308
951 1667
951 1145
951 987
951 1894
951 1923
951 1467
952 1285
952 1678
952 1831
952 1476
952 1392
953 1198
953 1522
953 953
953 1129
953 1724
953 1731
953 1779
953 1003
953 1079
953 1425
954 1305
954 1845
954 1342
954 1602
954 1827
955 1410
955 1445
955 1384
955 1820
955 955
956 1115
956 1908
957 1165
957 1808
957 1907
957 1965
958 1211
958 1428
959 1128
960 1554
960 1961
960 1018
961 1749
961 1308
961 1032
961 987
962 1593
962 1184
962 1925
962 1897
962 1822
963 996
963 1238
963 1105
963 1846
963 1660
963 968
963 1363
963 1990
963 1662
964 1034
964 1678
964 1045
964 964
965 1657
965 1443
965 1723
965 1688
965 1612
966 1202
966 1412
966 1896
967 1181
967 1569
967 1225
967 1985
967 1263
967 1353
968 1200
968 1846
968 1283
968 1363
968 1888
968 996
968 1387
969 1958
969 1626
969 1776
970 1661
970 1092
970 1139
970 1741
970 1276
970 1021
971 1419
971 1076
971 1513
971 1122
971 1635
973 1156
973 1294
973 1258
973 1797
973 1518
973 1418
973 1628
973 1006
973 1186
974 1961
974 1144
974 1393
975 1463
975 1211
975 1833
975 1630
975 1217
975 1452
975 975
975 1506
976 1069
976 1587
976 1336
976 1997
976 1749
976 1886
976 1634
977 1671
977 1937
977 1292
977 1791
978 1846
978 1223
978 1498
978 1387
979 1744
979 1924
979 1118
979 1230
979 1380
979 1434
979 1383
980 1428
980 1055
980 1746
980 1661
981 1677
981 1124
981 1490
981 1136
982 1280
982 1007
982 987
982 1910
982 1166
982 1145
982 1709
983 1581
983 1823
983 1623
983 1733
983 1515
983 1278
983 1061
983 1543
983 1135
984 1435
984 1476
984 1185
984 1057
985 1293
985 1569
985 1438
986 1850
986 1219
986 1844
987 1467
987 1280
987 990
987 1910
987 1894
988 1462
988 1814
988 1823
988 1450
988 1919
988 1640
988 1847
988 1565
988 1112
988 1278
988 1909
988 1654
988 1194
988 1050
988 1759
988 1135
988 1911
989 1958
989 1244
989 1954
990 1308
990 1280
990 1166
990 1468
990 1255
990 1460
991 1073
991 1075
991 1219
991 1142
992 1823
992 1665
992 1064
992 1329
992 1837
993 1773
993 1034
993 1311
993 1883
994 1227
994 1745
994 1136
995 1418
995 1700
995 1797
995 1389
995 1124
996 1200
996 1243
996 1606
996 1238
996 1159
997 1352
997 1101
997 1767
997 997
997 1004
997 1712
997 1131
998 1794
998 1312
998 1094
998 1444
998 1584
999 1952
999 1109
999 1111
999 1245
1000 1920
1000 1896
1000 1809
1000 1877
1000 1579
1001 1813
1001 1034
1001 1024
1002 1593
1002 1115
1002 1128
1002 1011
1002 1058
1002 1802
1002 1920
1002 1388
1003 1079
1003 1474
1003 1784
1003 1565
1003 1701
1004 1352
1004 1767
1004 1004
1005 1886
1005 1682
1005 1547
1005 1354
1006 1028
1006 1156
1006 1518
1006 1418
1006 1294
1007 1028
1008 1028
1008 1768
1009 1393
1009 1253
1009 1087
1009 1341
1009 1442
1010 1043
1011 1058
1011 1115
1011 1388
1011 1908
1011 1247
1011 1128
1011 1019
1012 1140
1012 1881
1012 1713
1013 1873
1013 1657
1013 1560
1013 1443
1013 1574
1013 1723
1013 1893
1014 1314
1014 1872
1014 1837
1014 1014
1014 1350
1015 1797
1015 1418
1015 1845
1017 1442
1017 1641
1017 1623
1018 1590
1018 1709
1018 1358
1018 1544
1019 1293
1019 1438
1019 1980
1019 1263
1019 1019
1019 1292
1020 1551
1020 1940
1021 1977
1022 1881
1022 1471
1023 1162
1023 1163
1023 1965
1024 1763
1024 1947
1024 1269
1024 1816
1024 1286
1024 1578
1025 1430
1025 1991
1026 1900
1026 1404
1026 1311
1026 1444
1026 1563
1026 1881
1027 1910
1027 1714
1027 1529
1027 1613
1027 1864
1027 1952
1027 1353
1027 1690
1027 1575
1027 1111
1027 1787
1028 1538
1028 1145
1028 1467
1028 1595
1029 1896
1029 1029
1029 1143
1030 1820
1030 1496
1030 1141
1030 1337
1030 1704
1030 1386
1030 1398
1030 1379
1031 1443
1031 1093
1031 1165
1031 1456
1031 1608
1031 1808
1032 1830
1032 1921
1032 1268
1032 1998
1032 1510
1033 1788
1033 1202
1033 1050
1033 1993
1034 1520
1034 1354
1034 1041
1034 1034
1034 1696
1034 1883
1034 1950
1034 1366
1035 1748
1035 1659
1035 1735
1036 1668
1036 1300
1036 1832
1036 1284
1036 1977
1037 1277
1037 1037
1037 1497
1037 1351
1038 1553
1038 1748
1038 1659
1038 1173
1038 1464
1039 1291
1039 1066
1039 1442
1039 1641
1040 1040
1040 1775
1040 1688
1040 1633
1040 1868
1040 1657
1040 1407
1040 1359
1040 1443
1040 1999
1040 1192
1040 1723
1041 1935
1042 1804
1042 1728
1042 1966
1042 1429
1042 1713
1042 1043
1043 1123
1044 1807
1044 1481
1044 1641
1045 1935
1045 1102
1045 1328
1045 1831
1046 1078
1046 1372
1046 1687
1047 1189
1047 1246
1047 1374
1047 1155
1047 1869
1047 1945
1047 1478
1047 1686
1047 1399
1047 1899
1047 1841
1048 1795
1048 1165
1048 1808
1048 1945
1049 1666
1049 1440
1049 1120
1049 1501
1049 1509
1049 1892
1049 1663
1049 1049
1049 1966
1049 1153
1049 1570
1049 1810
1049 1186
1050 1774
1050 1060
1050 1993
1050 1526
1050 1202
1050 1583
1050 1726
1050 1050
1050 1788
1050 1608
1050 1228
1050 1618
1050 1652
1050 1610
1050 1777
1050 1156
1050 1293
1051 1209
1051 1783
1051 1713
1051 1978
1051 1990
1051 1103
1051 1649
1052 1286
1052 1947
1052 1578
1052 1816
1052 1204
1052 1376
1053 1270
1053 1976
1054 1795
1054 1808
1054 1421
1054 1054
1054 1986
1054 1272
1055 1428
1055 1964
1055 1972
1055 1778
1055 1199
1055 1403
1055 1460
1055 1218
1055 1746
1055 1785
1055 1661
1056 1738
1056 1557
1056 1814
1056 1424
1056 1715
1056 1114
1056 1276
1056 1214
1056 1604
1057 1680
1057 1309
1057 1858
1057 1446
1058 1882
1058 1565
1058 1115
1059 1420
1059 1922
1059 1765
1060 1526
1060 1777
1060 1583
1060 1202
1060 1128
1061 1919
1061 1759
1061 1640
1061 1823
1061 1654
1061 1766
1061 1154
1061 1733
1061 1135
1062 1305
1062 1062
1062 1845
1063 1282
1063 1942
1063 1535
1064 1068
1065 1430
1065 1628
1065 1717
1065 1722
1066 1410
1066 1955
1066 1386
1066 1688
1067 1539
1067 1803
1067 1317
1067 1672
1067 1631
1067 1768
1067 1400
1067 1826
1068 1104
1068 1835
1068 1665
1068 1837
1068 1130
1068 1872
1068 1231
1069 1159
1069 1634
1069 1857
1069 1886
1069 1353
1069 1335
1069 1744
1069 1749
1070 1865
1070 1474
1070 1929
1070 1906
1070 1213
1070 1070
1070 1536
1070 1646
1070 1288
1070 1470
1070 1149
1070 1350
1070 1491
1070 1627
1071 1820
1071 1552
1071 1398
1071 1297
1072 1447
1072 1229
1072 1232
1072 1180
1072 1348
1072 1661
1072 1719
1072 1485
1073 1397
1073 1526
1073 1219
1073 1385
1074 1733
1074 1646
1074 1085
1074 1288
1074 1149
1074 1150
1075 1897
1075 1822
1075 1355
1075 1385
1075 1527
1075 1334
1075 1219
1076 1719
1076 1419
1076 1437
1076 1132
1076 1741
1076 1378
1077 1178
1077 1442
1077 1573
1077 1753
1077 1406
1077 1924
1077 1641
1078 1598
1078 1687
1078 1264
1079 1198
1079 1576
1079 1117
1079 1852
1079 1360
1079 1724
1079 1522
1079 1142
1079 1902
1079 1212
1080 1464
1080 1302
1080 1696
1081 1543
1081 1402
1082 1236
1082 1161
1082 1442
1083 1888
1083 1290
1083 1197
1084 1305
1084 1471
1084 1084
1085 1929
1085 1470
1085 1085
1085 1536
1085 1417
1086 1601
1086 1725
1086 1265
1086 1672
1087 1154
1087 1333
1087 1758
1087 1253
1087 1298
1087 1427
1087 1324
1087 1475
1087 1168
1087 1307
1087 1502
1087 1531
1087 1087
1087 1216
1087 1254
1088 1169
1088 1692
1088 1959
1088 1699
1088 1088
1088 1135
1088 1155
1089 1093
1089 1305
1089 1706
1089 1845
1089 1123
1090 1974
1090 1796
1090 1694
1090 1708
1090 1428
1090 1107
1090 1661
1091 1794
1091 1444
1091 1912
1091 1605
1091 1992
1092 1552
1092 1820
1092 1955
1092 1507
1092 1109
1093 1795
1093 1691
1093 1824
1093 1917
1094 1794
1094 1982
1094 1900
1094 1235
1095 1805
1095 1813
1095 1758
1096 1542
1096 1584
1096 1829
1096 1614
1096 1133
1096 1651
1097 1676
1097 1441
1097 1188
1097 1956
1097 1961
1097 1876
1098 1830
1098 1098
1098 1898
1098 1897
1099 1582
1099 1193
1100 1491
1101 1175
1101 1712
1101 1624
1102 1935
1102 1302
1103 1818
1103 1339
1103 1783
1103 1103
1103 1285
1103 1714
1104 1665
1104 1835
1104 1329
1105 1606
1105 1200
1105 1387
1105 1168
1106 1487
1106 1201
1106 1180
1106 1932
1106 1288
1107 1746
1107 1289
1107 1661
1107 1199
1107 1679
1107 1703
1107 1428
1107 1319
1107 1589
1108 1792
1108 1555
1108 1734
1108 1877
1109 1444
1109 1353
1109 1787
1109 1617
1111 1798
1111 1690
1111 1864
1111 1150
1111 1245
1111 1575
1111 1613
1111 1753
1112 1862
1112 1450
1112 1194
1112 1847
1112 1733
1112 1911
1112 1137
1112 1135
1112 1391
1112 1278
1113 1335
1113 1997
1113 1744
1113 1457
1113 1886
1113 1259
1113 1265
1113 1656
1114 1557
1114 1604
1114 1582
1115 1414
1115 1247
1115 1388
1115 1419
1115 1316
1116 1794
1116 1312
1116 1444
1116 1248
1117 1198
1117 1594
1117 1117
1118 1666
1118 1196
1118 1875
1118 1425
1118 1182
1118 1380
1118 1648
1118 1240
1119 1520
1119 1510
1119 1495
1120 1666
1120 1501
1121 1991
1121 1256
1121 1490
1122 1419
1122 1741
1122 1378
1122 1635
1123 1480
1123 1439
1124 1745
1124 1495
1124 1409
1124 1136
1124 1784
1125 1335
1125 1208
1125 1886
1125 1240
1126 1818
1126 1963
1126 1126
1126 1547
1127 1282
1127 1615
1129 1212
1129 1474
1129 1522
1129 1524
1130 1837
1130 1872
1131 1138
1132 1998
1132 1629
1132 1504
1132 1505
1133 1829
1133 1297
1133 1566
1133 1133
1133 1151
1133 1542
1133 1614
1133 1651
1134 1309
1134 1858
1135 1992
1135 1823
1135 1194
1135 1733
1135 1759
1135 1919
1135 1623
1135 1851
1135 1137
1135 1391
1135 1766
1135 1278
1135 1405
1135 1450
1135 1135
1135 1636
1136 1409
1136 1745
1136 1501
1136 1316
1137 1224
1137 1733
1137 1623
1137 1759
1138 1887
1138 1792
1138 1555
1138 1734
1139 1254
1139 1741
1139 1513
1140 1799
1140 1934
1140 1295
1141 1983
1141 1564
1141 1994
1141 1507
1142 1219
1142 1611
1142 1989
1143 1412
1143 1809
1143 1591
1143 1143
1143 1221
1143 1313
1144 1555
1144 1455
1144 1877
1144 1177
1145 1308
1145 1467
1146 1292
1146 1511
1146 1514
1146 1664
1146 1773
1146 1675
1146 1357
1146 1859
1146 1947
1147 1195
1147 1200
1147 1606
1147 1387
1147 1498
1147 1255
1148 1385
1148 1596
1149 1940
1149 1929
1149 1470
1150 1678
1150 1690
1150 1787
1151 1297
1151 1566
1151 1651
1151 1483
1152 1792
1152 1877
1152 1152
1152 1555
1152 1455
1153 1509
1153 1231
1153 1501
1154 1813
1154 1758
1154 1324
1154 1253
1154 1433
1154 1461
1154 1333
1154 1475
1154 1154
1154 1319
1154 1341
1154 1502
1154 1674
1154 1509
1154 1407
1154 1298
1154 1815
1154 1307
1154 1201
1154 1757
1155 1231
1155 1948
1155 1625
1155 1686
1155 1838
1155 1505
1156 1801
1156 1156
1156 1258
1156 1294
1156 1825
1156 1410
1156 1797
1156 1700
1157 1395
1157 1848
1157 1582
1158 1310
1158 1279
1158 1977
1158 1632
1159 1541
1159 1165
1159 1335
1159 1208
1159 1857
1159 1749
1159 1886
1160 1265
1160 1671
1160 1226
1160 1514
1160 1176
1160 1937
1160 1511
1161 1701
1161 1807
1161 1950
1162 1468
1162 1944
1162 1782
1163 1782
1163 1469
1163 1413
1163 1207
1164 1164
1164 1811
1164 1382
1165 1824
1165 1808
1165 1421
1165 1986
1165 1917
1166 1166
1166 1280
1166 1467
1167 1555
1167 1269
1167 1167
1167 1985
1167 1367
1167 1376
1168 1684
1168 1671
1168 1433
1168 1994
1168 1573
1169 1169
1169 1692
1169 1465
1169 1171
1169 1567
1169 1585
1169 1787
1170 1856
1171 1959
1171 1171
1171 1692
1171 1451
1172 1839
1172 1987
1172 1730
1173 1464
1173 1351
1174 1567
1174 1231
1175 1352
1175 1767
1176 1671
1176 1514
1176 1357
1176 1511
1176 1773
1176 1346
1177 1388
1177 1183
1177 1399
1177 1177
1178 1805
1178 1943
1178 1216
1178 1254
1178 1766
1179 1310
1179 1977
1180 1201
1180 1381
1180 1695
1180 1719
1180 1232
1180 1446
1181 1877
1181 1594
1181 1724
1181 1438
1181 1569
1182 1261
1182 1182
1182 1380
1182 1496
1182 1875
1183 1689
1183 1399
1183 1899
1183 1906
1183 1841
1183 1505
1184 1653
1184 1844
1184 1440
1184 1897
1185 1273
1185 1683
1186 1273
1187 1442
1187 1237
1188 1956
1188 1961
1189 1374
1189 1231
1189 1869
1189 1477
1189 1658
1190 1236
1190 1347
1190 1523
1191 1577
1191 1859
1191 1806
1191 1240
1192 1560
1192 1443
1192 1723
1193 1424
1193 1582
1193 1214
1194 1733
1194 1766
1194 1847
1194 1405
1194 1391
1194 1654
1194 1909
1194 1623
1194 1759
1195 1243
1195 1660
1195 1846
1195 1900
1195 1200
1195 1363
1196 1345
1196 1257
1196 1241
1196 1627
1196 1989
1196 1875
1196 1240
1196 1250
1197 1432
1197 1953
1197 1413
1197 1923
1198 1415
1198 1852
1198 1576
1198 1724
1198 1524
1199 1694
1199 1954
1199 1746
1199 1199
1199 1218
1199 1344
1199 1778
1199 1679
1199 1331
1199 1747
1199 1661
1200 1662
1200 1238
1200 1280
1201 1356
1201 1229
1201 1232
1201 1752
1201 1808
1202 1726
1202 1652
1202 1459
1202 1526
1202 1777
1202 1993
1202 1583
1202 1610
1202 1608
1202 1202
1202 1774
1202 1618
1202 1788
1202 1645
1202 1376
1203 1309
1203 1274
1204 1947
1204 1286
1204 1757
1205 1572
1205 1661
1205 1817
1205 1346
1205 1469
1206 1485
1206 1273
1206 1309
1207 1976
1207 1469
1207 1702
1207 1802
1207 1743
1208 1335
1208 1336
1208 1222
1208 1279
1208 1997
1208 1656
1209 1428
1209 1303
1210 1410
1210 1552
1210 1893
1210 1994
1211 1549
1211 1789
1211 1884
1211 1630
1211 1506
1211 1211
1211 1840
1211 1621
1212 1415
1212 1731
1212 1606
1213 1536
1213 1332
1214 1214
1214 1817
1214 1988
1214 1242
1215 1442
1215 1305
1215 1528
1215 1706
1215 1457
1216 1674
1216 1427
1216 1341
1216 1253
1216 1361
1216 1771
1217 1833
1217 1463
1217 1398
1217 1373
1217 1544
1218 1428
1218 1661
1219 1355
1219 1385
1219 1822
1219 1486
1219 1611
1219 1800
1219 1527
1219 1219
1219 1850
1219 1752
1219 1272
1220 1714
1220 1963
1220 1953
1221 1920
1221 1412
1221 1313
1221 1534
1222 1541
1222 1453
1222 1335
1222 1277
1222 1749
1222 1744
1223 1498
1223 1243
1223 1888
1224 1810
1224 1967
1224 1590
1225 1982
1225 1438
1225 1236
1226 1638
1226 1671
1226 1675
1226 1937
1226 1431
1226 1306
1226 1514
1227 1677
1227 1253
1228 1526
1228 1349
1229 1502
1229 1447
1229 1631
1229 1232
1230 1473
1230 1989
1230 1260
1231 1686
1231 1689
1232 1710
1232 1932
1232 1338
1232 1752
1233 1560
1233 1443
1233 1723
1234 1716
1234 1234
1234 1820
1234 1880
1235 1794
1235 1444
1235 1900
1235 1972
1236 1438
1236 1827
1236 1293
1236 1980
1236 1985
1236 1368
1236 1544
1236 1394
1237 1442
1237 1459
1237 1641
1238 1990
1239 1861
1240 1380
1240 1648
1240 1250
1241 1425
1241 1875
1241 1752
1242 1548
1242 1687
1242 1561
1242 1390
1242 1948
1243 1588
1243 1669
1243 1273
1244 1454
1244 1626
1244 1315
1244 1366
1244 1244
1244 1268
1244 1958
1244 1740
1244 1371
1244 1588
1244 1362
1245 1691
1245 1952
1245 1575
1245 1951
1245 1613
1245 1426
1245 1787
1246 1941
1246 1478
1246 1948
1247 1642
1247 1908
1248 1794
1248 1444
1248 1982
1248 1912
1248 1404
1248 1996
1248 1885
1249 1814
1249 1715
1249 1988
1249 1604
1249 1655
1250 1875
1250 1425
1250 1946
1250 1531
1251 1792
1251 1589
1251 1462
1251 1877
1252 1252
1252 1714
1252 1514
1253 1427
1253 1333
1253 1254
1254 1674
1254 1475
1254 1254
1254 1461
1254 1684
1254 1361
1254 1333
1254 1281
1254 1433
1254 1813
1254 1449
1254 1895
1254 1756
1256 1493
1256 1256
1256 1430
1256 1727
1256 1529
1257 1287
1257 1989
1257 1739
1257 1875
1258 1797
1258 1418
1258 1361
1259 1335
1259 1857
1259 1744
1259 1265
1259 1820
1260 1875
1260 1261
1260 1915
1260 1946
1260 1383
1260 1597
1260 1334
1261 1706
1262 1984
1262 1885
1262 1402
1262 1848
1263 1621
1263 1438
1263 1645
1263 1725
1264 1693
1264 1390
1265 1587
1265 1335
1265 1997
1265 1265
1265 1656
1266 1428
1266 1964
1266 1974
1266 1785
1266 1661
1267 1675
1267 1821
1267 1511
1267 1514
1267 1791
1268 1308
1268 1371
1269 1286
1269 1816
1269 1512
1269 1947
1269 1909
1270 1559
1271 1970
1271 1996
1271 1271
1272 1924
1272 1903
1272 1563
1272 1874
1273 1732
1273 1871
1273 1332
1273 1711
1273 1860
1273 1446
1273 1309
1273 1718
1274 1305
1274 1706
1274 1586
1274 1845
1275 1709
1275 1859
1275 1650
1275 1707
1276 1620
1276 1499
1276 1378
1276 1473
1277 1327
1277 1587
1277 1335
1277 1744
1277 1749
1278 1565
1278 1823
1278 1450
1278 1733
1278 1759
1278 1919
1279 1875
1279 1540
1280 1293
1281 1475
1281 1758
1281 1298
1281 1529
1281 1895
1282 1282
1282 1971
1282 1983
1282 1812
1283 1551
1283 1771
1283 1550
1283 1681
1283 1828
1283 1639
1284 1341
1284 1546
1284 1571
1284 1521
1285 1335
1285 1797
1285 1979
1285 1963
1286 1522
1286 1772
1286 1578
1286 1947
1287 1383
1287 1514
1287 1434
1287 1875
1287 1915
1287 1376
1288 1536
1288 1644
1289 1964
1289 1403
1289 1661
1289 1974
1290 1413
1291 1573
1291 1641
1292 1675
1292 1431
1292 1292
1292 1306
1292 1981
1293 1721
1293 1998
1294 1824
1295 1592
1295 1934
1295 1396
1296 1438
1296 1369
1297 1542
1297 1420
1297 1584
1298 1319
1298 1397
1298 1813
1299 1589
1299 1439
1299 1776
1299 1702
1300 1744
1300 1474
1301 1804
1301 1534
1302 1935
1302 1435
1302 1678
1302 1859
1303 1767
1304 1799
1304 1881
1304 1396
1305 1866
1305 1586
1305 1855
1305 1602
1305 1490
1305 1370
1305 1457
1305 1489
1305 1471
1305 1401
1305 1305
1305 1528
1305 1706
1305 1342
1305 1958
1306 1306
1306 1821
1306 1511
1307 1427
1307 1943
1307 1674
1307 1804
1307 1461
1308 1667
1308 1595
1308 1349
1308 1538
1308 1467
1308 1942
1308 1865
1309 1732
1310 1996
1311 1935
1311 1678
1311 1904
1312 1914
1312 1982
1312 1404
1312 1972
1312 1444
1313 1896
1314 1962
1314 1835
1314 1665
1314 1314
1314 1323
1315 1460
1315 1366
1315 1375
1315 1619
1316 1528
1317 1839
1317 1866
1317 1768
1317 1400
1318 1708
1318 1979
1318 1599
1318 1649
1318 1500
1318 1686
1319 1424
1319 1531
1320 1830
1320 1593
1320 1887
1320 1480
1320 1642
1321 1441
1322 1923
1322 1547
1322 1682
1322 1999
1322 1742
1323 1835
1324 1674
1324 1805
1324 1427
1325 1653
1325 1887
1325 1408
1325 1844
1325 1898
1326 1958
1326 1580
1326 1854
1327 1541
1327 1634
1327 1336
1327 1587
1327 1335
1327 1749
1327 1886
1327 1899
1328 1560
1328 1443
1328 1756
1328 1328
1328 1723
1329 1755
1330 1417
1330 1375
1330 1867
1331 1539
1331 1672
1331 1338
1331 1400
1332 1344
1332 1732
1333 1892
1333 1684
1333 1987
1334 1944
1334 1697
1334 1346
1334 1743
1335 1453
1335 1886
1335 1335
1335 1749
1335 1744
1335 1336
1335 1609
1335 1587
1335 1997
1335 1857
1335 1978
1336 1609
1337 1883
1337 1548
1338 1539
1338 1839
1338 1426
1338 1400
1338 1770
1338 1672
1338 1338
1338 1866
1339 1818
1339 1963
1339 1955
1339 1870
1339 1649
1340 1555
1340 1760
1340 1846
1340 1877
1340 1433
1341 1815
1341 1684
1341 1467
1341 1845
1342 1845
1342 1489
1343 1422
1343 1560
1343 1688
1343 1443
1343 1723
1344 1416
1344 1964
1344 1705
1344 1403
1344 1661
1345 1429
1345 1961
1345 1458
1345 1622
1346 1743
1346 1782
1347 1438
1347 1492
1347 1856
1348 1455
1348 1474
1348 1695
1348 1932
1348 1356
1348 1348
1348 1752
1350 1863
1350 1536
1351 1351
1351 1644
1352 1624
1353 1798
1354 1862
1354 1883
1355 1833
1356 1377
1356 1752
1356 1381
1357 1664
1357 1671
1357 1821
1357 1791
1357 1675
1357 1508
1357 1514
1358 1554
1358 1577
1358 1810
1359 1560
1359 1443
1359 1723
1360 1594
1360 1474
1360 1515
1362 1943
1362 1461
1362 1362
1363 1606
1363 1888
1363 1387
1364 1698
1364 1930
1364 1826
1364 1780
1364 1521
1365 1724
1366 1958
1366 1479
1367 1984
1367 1376
1367 1772
1367 1739
1368 1812
1368 1518
1369 1811
1369 1960
1369 1569
1370 1706
1370 1845
1370 1855
1370 1670
1371 1854
1372 1408
1373 1452
1373 1630
1373 1750
1373 1373
1373 1549
1373 1884
1374 1899
1375 1452
1375 1867
1375 1506
1375 1750
1375 1846
1376 1578
1376 1757
1376 1772
1376 1376
1376 1512
1376 1763
1377 1429
1378 1419
1378 1499
1378 1625
1378 1765
1379 1712
1380 1875
1381 1447
1381 1860
1382 1634
1382 1984
1382 1970
1382 1382
1382 1885
1382 1673
1382 1503
1383 1989
1384 1552
1384 1820
1384 1591
1384 1398
1385 1822
1385 1611
1386 1443
1386 1545
1386 1704
1386 1410
1387 1888
1387 1588
1388 1882
1388 1802
1389 1792
1389 1555
1390 1390
1391 1565
1391 1733
1391 1759
1391 1654
1392 1831
1393 1676
1393 1441
1393 1429
1393 1973
1393 1746
1393 1586
1394 1692
1394 1558
1394 1601
1394 1513
1395 1626
1395 1641
1396 1749
1397 1611
1398 1820
1398 1493
1398 1410
1398 1472
1399 1843
1399 1562
1399 1945
1399 1478
1400 1825
1400 1839
1400 1426
1400 1631
1400 1400
1401 1586
1401 1490
1401 1898
1402 1543
1402 1485
1402 1488
1403 1694
1403 1703
1404 1444
1405 1823
1405 1733
1405 1759
1406 1452
1406 1928
1406 1442
1406 1641
1407 1560
1407 1443
1407 1723
1408 1408
1408 1682
1408 1819
1408 1607
1409 1495
1410 1471
1411 1926
1411 1826
1411 1698
1411 1737
1411 1546
1411 1930
1412 1896
1412 1591
1412 1412
1412 1532
1412 1472
1414 1882
1414 1908
1414 1616
1415 1731
1415 1415
1415 1474
1416 1678
1416 1428
1416 1785
1416 1661
1416 1781
1417 1506
1417 1417
1417 1840
1417 1452
1417 1833
1417 1463
1417 1884
1418 1797
1418 1801
1418 1418
1418 1700
1418 1632
1419 1499
1419 1741
1419 1437
1419 1635
1419 1513
1420 1542
1420 1584
1421 1933
1422 1670
1422 1423
1422 1592
1423 1670
1423 1939
1423 1592
1424 1557
1424 1988
1424 1764
1425 1989
1426 1539
1426 1768
1427 1531
1427 1427
1427 1895
1427 1943
1428 1746
1428 1572
1428 1661
1428 1954
1428 1650
1428 1703
1428 1694
1428 1964
1428 1785
1430 1991
1430 1861
1430 1926
1430 1727
1431 1675
1431 1514
1431 1664
1431 1508
1431 1519
1431 1455
1431 1511
1432 1953
1432 1856
1432 1432
1433 1684
1433 1503
1434 1469
1434 1946
1434 1989
1434 1875
1435 1671
1436 1560
1436 1512
1436 1763
1436 1902
1436 1655
1437 1499
1437 1785
1437 1741
1437 1620
1438 1812
1438 1968
1438 1985
1438 1980
1438 1725
1438 1544
1438 1890
1439 1444
1440 1966
1441 1622
1441 1506
1442 1525
1442 1448
1442 1701
1442 1807
1442 1753
1442 1683
1442 1641
1443 1560
1443 1581
1443 1633
1443 1688
1443 1957
1443 1995
1443 1723
1443 1638
1443 1657
1443 1612
1443 1574
1443 1936
1443 1751
1443 1969
1443 1868
1443 1775
1443 1482
1443 1443
1444 1794
1444 1444
1444 1605
1444 1982
1445 1820
1447 1695
1447 1710
1447 1485
1447 1752
1448 1683
1448 1607
1448 1481
1448 1641
1449 1810
1449 1882
1450 1823
1450 1733
1450 1951
1451 1748
1451 1668
1451 1540
1452 1463
1453 1857
1453 1609
1453 1615
1453 1744
1453 1749
1454 1848
1454 1460
1454 1754
1454 1619
1454 1493
1455 1555
1455 1734
1455 1585
1455 1589
1456 1795
1456 1808
1456 1917
1456 1741
1457 1706
1457 1845
1457 1489
1458 1961
1459 1788
1459 1608
1461 1461
1462 1555
1463 1553
1463 1867
1463 1470
1464 1934
1465 1931
1465 1959
1465 1738
1466 1532
1467 1468
1467 1910
1467 1538
1468 1865
1469 1559
1472 1546
1472 1930
1473 1635
1474 1694
1474 1724
1474 1731
1474 1852
1475 1815
1475 1903
1476 1831
1477 1941
1477 1562
1477 1841
1477 1516
1478 1625
1478 1941
1478 1829
1479 1958
1480 1717
1480 1981
1481 1950
1481 1701
1481 1683
1481 1481
1481 1641
1482 1560
1482 1723
1482 1688
1482 1581
1482 1505
1482 1638
1483 1844
1483 1887
1483 1897
1484 1682
1484 1607
1484 1918
1485 1944
1486 1611
1486 1756
1487 1935
1487 1831
1488 1950
1489 1543
1489 1845
1490 1845
1491 1514
1491 1645
1492 1725
1493 1552
1493 1564
1494 1792
1495 1677
1496 1552
1498 1660
1499 1741
1499 1620
1500 1636
1500 1673
1500 1970
1501 1570
1501 1889
1501 1509
1501 1501
1501 1854
1501 1892
1502 1815
1503 1685
1503 1885
1504 1998
1504 1792
1504 1510
1505 1945
1505 1899
1505 1869
1505 1941
1505 1505
1505 1841
1506 1878
1508 1937
1508 1511
1508 1791
1508 1770
1509 1666
1510 1998
1511 1937
1511 1533
1511 1514
1511 1791
1512 1727
1512 1772
1512 1570
1513 1610
1514 1821
1514 1533
1514 1664
1514 1519
1514 1801
1515 1823
1515 1847
1515 1733
1515 1623
1515 1759
1516 1690
1516 1707
1516 1562
1517 1682
1517 1819
1517 1598
1518 1922
1519 1675
1519 1821
1519 1533
1521 1698
1521 1737
1521 1521
1521 1571
1521 1546
1522 1534
1522 1724
1523 1725
1523 1601
1523 1812
1524 1576
1525 1641
1526 1726
1526 1618
1526 1788
1526 1652
1526 1608
1526 1602
1527 1556
1527 1955
1528 1706
1529 1677
1529 1984
1530 1799
1531 1805
1532 1588
1532 1977
1535 1740
1535 1626
1536 1906
1537 1971
1537 1925
1538 1667
1539 1866
1539 1781
1539 1631
1540 1960
1540 1668
1540 1793
1541 1997
1541 1749
1541 1803
1542 1684
1542 1584
1542 1614
1542 1566
1542 1651
1543 1984
1543 1729
1543 1885
1544 1544
1544 1601
1545 1545
1546 1930
1546 1698
1547 1995
1547 1916
1547 1636
1547 1682
1548 1687
1548 1964
1549 1840
1549 1750
1549 1567
1550 1639
1550 1553
1550 1771
1550 1572
1551 1771
1551 1828
1551 1856
1552 1902
1554 1810
1554 1616
1554 1716
1555 1792
1555 1734
1555 1877
1555 1585
1555 1613
1556 1836
1556 1874
1556 1637
1556 1903
1556 1924
1556 1603
1557 1764
1557 1715
1558 1972
1558 1968
1558 1985
1559 1732
1559 1751
1560 1969
1560 1574
1560 1688
1560 1560
1560 1581
1560 1775
1560 1633
1560 1936
1560 1893
1560 1612
1560 1657
1560 1957
1560 1756
1560 1751
1560 1995
1560 1638
1560 1723
1561 1693
1562 1941
1562 1707
1562 1853
1562 1562
1562 1948
1563 1563
1563 1603
1563 1903
1564 1820
1565 1721
1565 1823
1565 1654
1565 1851
1565 1909
1565 1640
1565 1733
1565 1623
1565 1759
1566 1614
1566 1584
1567 1692
1568 1971
1569 1935
1570 1666
1570 1966
1571 1926
1571 1930
1571 1998
1571 1698
1572 1657
1572 1746
1572 1747
1572 1661
1573 1641
1574 1957
1574 1723
1575 1952
1575 1864
1575 1787
1576 1576
1576 1779
1577 1735
1577 1852
1577 1869
1578 1947
1578 1772
1580 1733
1580 1848
1581 1633
1581 1590
1582 1814
1582 1873
1583 1777
1583 1618
1584 1651
1584 1922
1584 1614
1585 1792
1585 1734
1585 1585
1586 1855
1587 1609
1587 1997
1587 1587
1587 1749
1588 1884
1588 1662
1588 1588
1588 1990
1589 1792
1590 1975
1590 1596
1591 1699
1591 1595
1592 1592
1592 1670
1592 1939
1592 1949
1592 1754
1593 1844
1593 1593
1593 1897
1593 1841
1594 1661
1594 1852
1594 1731
1594 1779
1596 1965
1596 1776
1597 1783
1598 1918
1598 1769
1599 1818
1599 1870
1600 1722
1600 1961
1600 1991
1601 1985
1602 1943
1602 1845
1603 1692
1603 1603
1603 1874
1603 1903
1604 1764
1605 1895
1606 1704
1607 1682
1607 1720
1607 1918
1607 1916
1608 1993
1608 1618
1609 1857
1609 1656
1610 1993
1610 1618
1611 1747
1612 1723
1613 1966
1613 1798
1613 1864
1613 1762
1615 1942
1615 1983
1615 1636
1616 1810
1617 1958
1617 1848
1617 1926
1618 1774
1618 1726
1620 1998
1621 1840
1622 1876
1623 1823
1623 1623
1623 1911
1623 1851
1623 1892
1623 1759
1623 1643
1624 1712
1625 1689
1626 1854
1626 1754
1627 1989
1627 1875
1628 1722
1629 1998
1629 1865
1630 1867
1630 1884
1632 1712
1633 1957
1633 1723
1634 1997
1634 1634
1637 1658
1637 1903
1638 1723
1639 1681
1640 1823
1640 1733
1640 1759
1641 1807
1641 1683
1641 1950
1641 1967
1641 1755
1642 1901
1642 1764
1642 1802
1643 1842
1643 1981
1644 1687
1645 1812
1647 1987
1647 1970
1648 1989
1648 1875
1649 1649
1649 1732
1650 1694
1650 1785
1650 1661
1651 1942
1652 1993
1652 1755
1653 1844
1654 1823
1654 1733
1654 1759
1656 1764
1657 1723
1658 1836
1658 1661
1661 1974
1661 1954
1661 1778
1661 1679
1661 1746
1661 1703
1661 1972
1661 1747
1661 1694
1661 1708
1661 1705
1661 1753
1663 1892
1663 1889
1663 1663
1663 1992
1664 1791
1664 1825
1665 1927
1665 1835
1665 1837
1666 1892
1666 1889
1666 1992
1666 1666
1667 1667
1667 1852
1668 1712
1668 1832
1668 1676
1668 1977
1669 1987
1669 1970
1669 1984
1669 1996
1670 1902
1671 1773
1671 1821
1671 1675
1672 1825
1673 1730
1673 1673
1673 1832
1673 1984
1673 1729
1674 1684
1674 1943
1675 1881
1675 1937
1675 1791
1676 1676
1676 1973
1676 1876
1677 1745
1677 1784
1678 1696
1678 1935
1679 1708
1679 1974
1679 1747
1680 1860
1680 1718
1680 1680
1680 1732
1681 1828
1682 1819
1682 1769
1682 1916
1682 1999
1682 1720
1682 1682
1682 1759
1683 1859
1684 1849
1684 1943
1685 1925
1685 1811
1686 1838
1687 1687
1688 1723
1688 1995
1689 1853
1690 1787
1690 1690
1690 1951
1690 1952
1691 1795
1691 1933
1691 1808
1692 1931
1692 1959
1692 1738
1692 1842
1692 1933
1692 1740
1694 1747
1694 1708
1694 1785
1695 1932
1696 1935
1696 1696
1698 1737
1698 1930
1699 1931
1700 1797
1701 1807
1703 1974
1705 1785
1705 1972
1705 1746
1706 1706
1707 1945
1708 1972
1708 1746
1708 1984
1709 1709
1709 1736
1711 1711
1713 1963
1714 1978
1714 1963
1715 1764
1715 1752
1716 1904
1716 1716
1718 1917
1719 1932
1719 1719
1719 1752
1720 1916
1722 1727
1723 1751
1723 1936
1723 1957
1723 1756
1723 1868
1723 1995
1723 1775
1723 1969
1723 1893
1723 1723
1723 1817
1725 1935
1725 1985
1726 1993
1728 1901
1728 1956
1730 1984
1730 1842
1733 1823
1733 1766
1733 1851
1733 1733
1733 1911
1733 1909
1733 1919
1733 1759
1734 1792
1735 1975
1736 1834
1736 1842
1737 1930
1739 1875
1740 1754
1743 1783
1743 1782
1744 1744
1744 1857
1744 1997
1744 1749
1744 1974
1745 1784
1746 1964
1746 1972
1746 1747
1746 1796
1746 1954
1747 1964
1747 1972
1747 1974
1749 1997
1749 1857
1749 1749
1749 1931
1750 1833
1750 1893
1752 1932
1754 1767
1757 1942
1757 1757
1759 1851
1759 1847
1759 1919
1759 1759
1759 1911
1759 1766
1759 1762
1760 1789
1760 1792
1761 1761
1761 1939
1762 1951
1763 1986
1763 1947
1764 1988
1764 1851
1765 1765
1766 1823
1768 1825
1769 1819
1769 1918
1770 1866
1770 1781
1772 1956
1773 1821
1777 1788
1780 1991
1782 1782
1785 1964
1786 1844
1787 1952
1787 1787
1787 1951
1789 1867
1789 1789
1790 1965
1792 1877
1793 1793
1794 1900
1794 1794
1794 1863
1794 1912
1794 1914
1794 1982
1794 1906
1795 1824
1795 1808
1796 1796
1798 1952
1800 1988
1803 1894
1806 1879
1807 1928
1807 1950
1808 1808
1808 1824
1808 1907
1808 1986
1808 1833
1809 1920
1811 1960
1812 1980
1813 1849
1814 1873
1815 1815
1816 1947
1818 1870
1818 1979
1819 1918
1819 1916
1819 1999
1821 1937
1822 1850
1823 1847
1823 1909
1823 1911
1823 1823
1823 1851
1823 1919
1824 1933
1824 1907
1824 1986
1830 1844
1830 1970
1831 1862
1831 1838
1833 1884
1833 1840
1834 1843
1834 1934
1835 1872
