#/home/georgia/Documents/Local_exp/LFR.py
# GMT Fri Mar 29 10:27:39 2019
# 
0 572 0 717 206 25 44 691 449 207 605 378 637 552
1 241 134 627 752 509 132 168 452 943 36
2 883 552 797 929 311 290 72 165 577 743
3 834 827 738 961 942 303 226
4 4 802 571 758 790 930 579 337 494 60 976 949
5 389 314 952 971 437 478 366 937 434 991
6 553 770 548 528 501 166 34 179 353 119 928 110 65
7 566 353 931 15 983 753 599
8 572 898 748 753 697 409 708
9 180 216 155 156 122 244 634 516 740 678 759 59 121 596 215 986 383 997 254 601 798 624 287
10 951 137 287 487 808 425 640 907 27 814 690 188 963
11 791 896 527 187 50 776 266 993 667 71 307 441 541 372 857 56 163 340 558 915 150 61
12 385 391 267 345 12 195 734 719 536 617 855 362 560 131 82 783 765 910 129 904 682 739 333
13 517 767 906 254 948 461 565 566 567 835 225 996 624 911
14 969 872 644 446 638 663 241 456 803 628 292 592 218
15 958 823 15 828 753
16 768 654 533 733 16 877 884 86 331 477 460 234 762 153 784 495 150 359 701 279
17 938 135 17 54 233 760 670 711 878 546 215 529
18 536 390 18 789 829 292 344 403
19 911 291 668 240 368 940 683 218 363
20 528 686 758 179 20 856 157 509 499
21 769 589 645 677 903 829 588 977 211
22 837 627 129 582 853 354 162 539 610 616
23 656 716 129 846 94 79 335 354 491
24 857 907 724 525 502 439 442 27 690 188 614
25 624 301 500 129 79 257 84 610 491 245
26 911 486 138 475 28 693 447 220 228 146 189
27 610 318 647 525 614 968 287 439 808 868 137 245 591 642 724 763 338 836 516 814 188 539
28 644 521 535 888 883 446 704 85 813 341
29 921 955 640 462 929 327 74
30 530 127 258 700 378 744
31 391 267 783 960 560 256 362 546
32 142 901 147 923 669 831
33 273 779 329 33 42 740 213 300 880 127 907
34 643 662 928 66 157 556 165
35 523 183 351 47 35 481 953 899 45 53 315 711 752 129
36 969 779 273 214 842 504
37 553 297 980 900 851 37
38 38 630 631 844 297 180 62 851
39 908 753 178 443 600
40 362 648 403 787 285 48 621
41 264 396 658 793 537 99 227 379
42 329 714 273 214 843
43 408 373 320 271 950 832 499 755 789 804
44 557 951 717 817 953 688 428 422 209 907
45 104 53 47 45 315 217 981
46 546 351 796 426 299 429 816 433 575 729 875 496 880 48 907
47 305 445 481 530
48 959 787 912 692 480
49 916 296 941 286 722 749 173 119 918 422 501 352
50 441 527 896 909 639 757 363
51 296 281 611 51 173 323 286 119 603 568 462 388 352 223 115
52 646 528 928 686 765 911 769 357
53 373 351 625 291 698 961 545
54 770 193 135 938 711 233 846 514 698
55 663 800 452 168 572 581 623 147
56 143 921 648 692 440
57 430 436 967 74 97 217 299
58 385 349 147 111 660 397 425
59 67 678 349 122 369 59 292 215
60 911 914 407 414 109 275 807 547 932 991
61 528 662 928 163 166 110 909 722
62 553 297 230 851 283 839 630 83
63 773 139 397 911 781 653 786 275 580 787
64 775 288 152 531 743 454
65 386 433 816 65 575 429 880 484 796 203 620 116 962 347 186 97 704 729 367 176 596 91 268 365
66 770 141 528 157 163 110 501 848 169 288
67 295 566 948 565 709 225 624 847 975
68 657 546 445 144 198
69 769 607 589 707 244 977 211 821
70 916 296 568 526 199 223
71 270 915 150 947 215
72 775 265 801 650 161 454 782 336 550 189 176 590
73 415 774 564 604 628 848 393 195 960 226 102 744
74 640 430 689 436 967 327 495 462 955 837 596 564 726
75 297 210 839 230 568 630 631 457
76 184 263 330 457 555 189
77 652 558 432 306 566 597 741 624 248
78 442 907 525 287 425 814 690 730 245
79 409 129 605 335 354
80 257 269 728 494 408 630 447
81 793 419 682 227 629 305 299 861 943
82 385 391 267 415 605 362
83 766 450 847 231 83 191 251 431 841 736 715 96 151 105 340 866 486 504 296
84 129 655 582 973 84 936 245 616
85 194 388 520 806 422
86 740 768 279 460 958 113
87 337 643 919 282 546 805 190 713 640 207
88 892 182 393 146 381 106 988 628 848 585 593 646 689 126 856 226 664
89 196 89 126 602 794 536 360
90 624 322 847 231 328 751 96 450 626 831 976 486 90 485 874 242 504
91 786 143 781 123 681 414 500 569 727 331 991 503
92 121 943 290 165 545 357
93 786 914 278 547 681 569 580 466 991
94 395 626 826 508 641 751 504
95 401 408 920 802 198 293 610 368
96 421 576 450 340 751 574 634 493 865 360 504 251 730
97 97 843 956 868 237 875 365
98 103 398 893 409 745 145
99 600 265 801 839
100 777 396 658 682 457 808
101 218 368 615 742 256 747 363 379
102 381 604 856 595 821 749
103 538 227 396 104
104 396 793 419 332 217
105 295 566 709 862 225 624 593
106 698 595 978 604 239 721 540 982 146 988 856 593 585 393 106 470 294 480
107 209 338 274 597 792 926
108 796 426 429 843 433 486 496
109 909 911 278 407 991 688 226 484 285
110 141 528 928 561 145 367 373 274 913
111 123 598 984 923 669 596 925
112 269 337 892 401 737 631 589
113 768 884 221 533 750 331 489 441
114 527 219 904 610 655 224 463 419 873
115 566 925 296 526 895 685 913 725 223 464 866 427
116 953 943 575 704 484 365 487
117 396 658 419 305 227 238
118 915 770 528 928 686 758 976 923 125
119 579 545
120 165 946 325 732 362
121 235 155 213 986 544 997 634 899 250 522 215 516 650 690 296 259
122 740 213 634 491 588
123 911 786 164
124 898 651 964 828 745 124 749
125 131 528 145 646 662 282
126 231 860 680 927 718
127 319 744 529
128 166 182 484 943 298 710 219 325 796 575 347 476
129 178 713 590 326 335 987 973 224 853 375 302 129 610 591 457 406 330 616
130 154 947 842 901 282 427 445 170
131 739 855 415 195 617 391 587 783 721
132 623 905 521 406 750 133 446 627
133 305 885 761 162 406 446 424
134 891 397 301 770 581 638 946
135 938 711 233 446 670 804
136 612 514 755 280 586 320 987
137 200 868 525 383 287 690
138 220 492 935 138 799 435 451 332
139 291 339 852 991 547 520 397 911 278 407 143 301 349 318
140 481 400 475 272 835 693 570 725
141 770 145 936 528 928 163 725 615
142 512 897 891 268 510 882 936 635 754 766 538 174
143 637 773 397 911 786 914 278 407 472 338 164 811
144 772 448 440 919 519 348 938 546 805 445 334 483 784
145 646 528 548 478 928 163
146 421 831 944 982 488 595 640 698 961 226 287
147 777 196 660 542 984 923 594
148 392 619 472 412 902 282 546 448 295
149 675 149 672 159 170 592 598
150 776 915 372 307 187 791 896 908 270 266 158 342 172 444 390 366
151 911 388 520 780 181 869
152 679 265 983 197 288 548 550 454 525
153 768 654 845 274
154 524 682 643 657 546 445 453 851 193
155 859 383 902 278 215 216 349 369
156 399 902 922 250 759 822 213 215 669
157 419 300 646 528 686 166 561 413 902 928 163 642
158 266 915 661 243 857 289
159 892 455 410 702 875 160 685
160 424 702 687 289 592 672 820 598 205 985
161 775 265 650 983 525
162 658 389 162 434 836 462 937 818 698
163 528 928 770 758 163 212 711 169
164 849 666 301 833 773 219 275 786 339 291 404 414 942 569 889 267 667 539 628 811 500 587
165 573 865 493 416 290 594 243 797 684 746 946 995 726 165 732 357 927 963 985 701 934 170 311 929 176 838 878 743 999 727 577 333 972 516 174 259 822 947 427 704 966
166 770 528 686 651
167 989 787 285 403 624 469
168 562 644 446 905 647 627 638 417
169 975 169 443 949 201 769 363
170 929 325 963 577 599 726 878 972 830 275 826 838 732
171 295 247 171 702 694 238
172 310 951 373 914 182 464 378 637
173 174 296 695 277 280 568
174 248 426 723 729 943 843 365
175 553 297 939 175 210 994 630 225 860
176 964 963 946 726 985 929 997 327 470 999 743
177 261 532 356 873 766 368
178 917 809 679 949 312 443 342
179 928 662 681 758
180 297 939 230 210 630
181 520 718 411 314 238
182 428 464 881 572 959 605 953 637 353 990 467 237 378 811 601 925
183 251 523 351 625 537 481
184 517 566 624 584 223
185 295 854 703 809 949 332 525
186 322 308 429 943 186 297 658 575 843 365 418
187 906 915 270 541 981 467 500 492 907 927
188 547 322 907 525 287 933 814 724 642 968 489 425 867 288 859 780 557 730 614
189 265 983 197
190 386 947 824 609 754 340 689
191 576 764 431 395 400 715 350 486 504 296 768
192 451 194 485 693 799 562 745 941
193 576 670 711 193
194 799 570 693 562 600 492 194 452 332
195 560 362 960 555 546
196 793 860 602 613 680 505 794 864 654
197 312 531 265 454 355 451 574 568
198 269 920 456 401 370 473 989 468 892 790 498 328 228 874 360
199 324 668 872 555 407 457 330 917 759
200 449 402 803 425 814 690 245
201 316 809 342 696 443 949 736 236
202 831 322 252 450 857 504 287
203 943 816 433 843 575 248 620 688 437 933
204 497 505 296 918 749 817
205 559 817 428 237 881 205 905 243 463 207 373 486
206 928 572 382 716 676 207 605 353 637 367
207 557 310 953 464 378 479 990 559 637 951 817 632 336 895 729 605
208 377 274 209 338 926 850 650 701 597 673
209 394 351 673
210 553 900 980 387 382 651
211 740 903 677 645 380 742 268
212 911 407 547 291 811 583 991
213 902 371 215 349
214 329 779 273 910 257 300 235
215 971 678 899 215 634 986 250 516 369 544 759 505 615
216 899 859 216 384 575
217 635 327 462 430 640
218 226 281 683 532 379 671 667 363 364
219 456 911 786 278 547 681 954 788 425
220 504 272 562 435 714 896
221 768 518 979 750 477 292 733
222 295 948 438 709 897 225 624 497
223 526 913 277 925 708 895 821 568 699 817
224 302 844 973 371 610 616
225 906 295 862 870 767 835 565 566 517 948 225 652 558 886 584 709 458 498 254 497 306 770 316 521 986 855 624
226 393 564 698 593 735 239 540 488 490 982 260 628 944 834 961 978 890 931 514 889 655 422
227 537 793 227 874
228 939 435 492 562 228 570 690 415 245
229 676 318 229 844 618
230 553 939 684 631
231 789 831 840 847 720 486 965 574 576 464 901 360 508 504 251 602 346
232 528 786 504 274 535 800 994 752 747
233 257 404 810
234 920 904 654 363
235 656 431 826 831 322 840 715 235 504 677
236 397 911 278 807 681 954 466
237 783 835 959 449 605 637
238 238 469
239 260 303 982 890
240 916 363 240 379
241 535 623 813 883 913
242 332 778 907 525 287 690
243 797 929 594 863
244 922 596 859 349 369
245 472 907 287 814 614 933 413 402 525 487 393 576 768
246 407 575 248 365 943 880 844 309 797
247 428 388 411 622
248 575 723 962 943 426 710 429 407 847
249 844 549 356 364 795 379
250 596 859 349 799 491
251 431 831 360 504 251 576 450 612 626 965 998 551
252 831 504 840 720 552
253 453 860 680 613 651
254 295 432 854 624 507
255 556 953 467 605 353 809 926 284
256 920 970 442 672 648 912 787
257 257 930 269 706
258 560 554 258 529 482 332 259 530 319 618
259 319 318 887 511 311
260 930 738 604 497 834 690
261 671 742 506 913 683 363 379
262 957 334 842 772 705 840 656 657 546
263 324 457 505 263 909 616
264 629 659 264 777 682
265 336 775 531 444 454 355 478 876 605 820
266 441 915 908 830 270 857 639
267 391 362 536 385 765 345 795 719 960 617 855 400 858 342 783 739 504 526
268 897 754 858 524 510 534 268 272 766 824 937 735
269 579 989 799 790 571 337 728
270 908 317 661 367 915 321
271 513 586 755 300
272 475 570 272
273 329 969 779 983 518 932
274 394 274 338 850 308 926 597
275 786 806 397 653 991 420 606 837 278 407 621 676
276 648 664 810 465 968 692 480
277 464 343 822 940 924 925 422 296
278 911 404 954 339 397 893 466 991 569 681 551 301 407 781 773 666 547 500 420 606 882 280 641 915 861 935
279 768 636 331 712 762
280 528 513 586 284
281 582 916 940 286 422 418 313 695 668 925 296 722
282 657 384 453 343 546 805
283 407 905 638 406 771 752 627
284 513 320 950 499
285 912 787 648 692 403 465 991 621
286 918 821 323 725 968 296 461
287 605 907 525 487 968 803 814 647 287 489 591 402 413 614 439 724 992 867 690 730 425 365 369 958 886 773 733
288 782 801 444 550 454
289 592 455 672 294 289 820 675 598 424 709 815
290 743 726 934 739
291 911 407 466 511 991
292 786 702 424 820
293 551 315 640 921 955
294 705 702 294 566 820
295 709 567 835 870 906 566 558 458 565 767 507 624 886 652 497 854 295 563 517 948 498 741 421 876 806 873 584
296 940 545 722 685 918 603 821 916 913 695 418 313 816 363
297 781 839 994 630 575 620
298 796 429 723 816 367 380 882 943 433 575 484 365
299 376 496 943 843
300 329 714 779 932 910 854 690
301 773 397 911 407 666 569 500 466 394 319
302 495 713 302 474 660 913 610
303 911 564 393 373
304 984 669 304 923 667
305 777 658 537 682 305 614
306 805 906 498 358 996 624 806
307 334 776 915 857 758
308 338 926 673
309 919 546 805 348 656 674 315 794 448 763
310 556 990 688 373 653 537 959 637
311 797 701 325 633 963 599 995 477
312 490 679 696
313 378 597 918 568
314 437 573 434 314
315 523 315 351 874 944
316 809 443 679 975 444
317 527 915 541 704 800
318 571 759 700 318 676 482 618 778 530 843 744
319 823 700 887 744 511 319 339 352 618
320 423 497 614 832 801 513
321 802 464 377 934 333 999 357
322 431 831 626 612 847 736 865 751 377 375 840 504
323 504 918 925 568
324 440 966 668 324 457 872 782 769
325 416 999 599 549 559 838 743
326 466 678 590 904 612 616 491
327 915 688 945 955 837 430 689 493 725 443
328 942 831 965 720 377 444 504 729 403
329 329 714 910 969 932 869 571 663
330 459 719 569 668 505 555 497 802 917
331 657 768 825 477
332 799 693 935 400 562 485 475 492 879
333 333 995
334 412 798 546 805 384 674 819 881 928
335 904 712 354 987 335 844 474 610 876 616 607 516 856 491
336 508 628 775 801
337 370 728 473 892
338 557 360 338 423 985 792
339 773 397 909 911 786 404
340 421 431 504 570 360 508 346
341 783 913 907 425 814 502 447
342 998 696 671
343 914 775 913 925 722 650
344 390 649 399 699 578 829 789 529 992
345 783 415 536 617 821 362 831
346 926 492 816 956 575 723 376 429 426 365 838
347 575 816 484 875 500 865 365
348 386 398 805
349 720 922 997 369 522 587
350 612 847 431 504 660 486 875
351 889 523 351
352 530 352 618
353 716 463 464 717 467 990 812 705 382
354 512 582 846 610 713 655 981 385
355 775 650 801 641
356 704 471 358 573 747 368
357 988 727 357 633 594 746 747
358 843 532 471 671 733 363
359 384 657 546 805 678 770
360 395 841 847 976 866 421 764 360 576 736 450 865 504 826 374 486 831 997 876 608 939 587 710 722
361 816 645 588 977 361 803 470
362 537 385 415 617 362 719 855 795 536 691 437 615
363 777 841 621 671 683 608 873 368 615 364 384 995 379
364 670 532 615 671 471 573 536
365 605 943 575 962 620 429 956 484 476 426 433 479 802 413 401 939 376
366 501 578 583 399 390 699 366 856 712 598
367 704 620
368 890 532 471 608 742 368 615 671 709 759 466
369 516 986 740 634 902 544 444 629 670
370 920 728 874 514
371 901 398 919 546 805 472
372 776 915 791
373 565 717 464 479 373 463 467 382 428 449 844 903 378 637
374 421 826 703 450 504 704
375 955 655 582 412
376 584 836
377 793 831 450 504
378 556 688 428 605 691 632 449 467 678 853 521
379 627 742 873 506 557
380 504 474 903 588 977 869
381 674 585 593 982 735
382 716 464
383 902 522 740 759
384 440 472 772 911 656 657 665 546 805 705 937
385 391 795 960 560 415 395 783 536 459 739 792
386 386 798 546 805 824
387 757 387 405 890 409
388 464 520 901 694
389 478 389 937 434 952 928
390 789 583 399 822
391 617 795 719 536 765 459 734 960 415 855 783 681 872 835 442
392 609 798 772 410 657 546 805 445 453 446
393 991 540 585 538 848 978
394 681 850 394 792
395 965 999 847
396 629 537 883 529 793 519 445 509 814
397 773 893 807 397 942 833 420 911 852 889 463 884 544 929
398 445 901 546 824 849
399 649
400 464 935 900
401 920 930 468 514 802 814
402 891 642 907 525 924 814 690
403 573 436 924 912 442
404 914 991 414 970 773 533 547
405 823 427 409 911 964 671
406 555 521 785 813 592 535 446 581 638 727
407 773 786 811 731 833 768 970 991 945
408 790 473 468 571 408 802 874
409 898 757 427 748 771 633 931 876
410 434 702 820 780 592
411 427 780 869 529
412 957 772 546 919 543 705 643 894 993 876 805 445 575
413 595 484 515 690 614
414 911 547 889 970 786 954 905 875 430
415 783 536 855 719 960 560 617 498 462 540
416 815 727 633 910 972 594
417 984 542 417
418 913 925 708 545 725 483 749 683
419 777 538 496 480
420 911 450 954
421 601 736 840 965 751 831 626 703 762 696 431 574 486 504
422 549 483 895 568 603 695 725 661 822 502
423 478 885 952 573 818 437 978
424 773 455 820 592 598 568
425 591 724 867 933 690
426 880 704 433 458 816 554 843
427 619 756
428 716 717 479 817 827 601 637 503 787
429 827 943 710
430 445 495 837 945 689 967 814
431 703 690 637 831 715 504
432 432 517 563 709 848 925 624 507 846
433 763 476 554 755 655 956 843 820
434 836 971 478 937 885 928
435 728 719 451 437 447 995
436 617 945 689 462 837 955 990 495 761
437 818 558
438 652 566 567 753 862 996 741 624 497 535
439 500 613 907 690 730
440 656 657 546 453 943
441 896 908 915 661 639 479
442 938 648 664 692 787 875
443 850 975
444 715 531 550
445 519 546 643 445 697 656 657 842 894 609 805 509 465
446 624 773 644 535 509 503 888 581 638 785 627 856 889 899
447 492 485 447
448 546 805 917 681
449 706 605 463 464 637 622
450 574 831 504 508 576 703 866 742 651 695 982 956
451 475 492 636 592
452 644 785
453 772 656 657 763 842 920
454 775 650 531 454 782 983 894 694 864
455 581 501 972
456 802 989 930 960
457 457 917 466 730
458 566 870 563 615 996 497
459 795 459 960 719
460 872 582 825 651 477
461 946 552 577
462 902 921 955
463 881 479 929 464 637
464 557 691 572 637 959 817 556 559 974 467 632 953 716 812 634
465 912 787
466 909 911 786 954 637 961
467 662 556 812 817 637 559 527 819 605
468 920 930 494 989 900 735 728
469 520 694 718 869 622
470 934 946 746 684
471 507 671 506 534
472 546
473 790 812 892
474 844 712 582 610
475 909 492
476 816 575 729 555 484
477 518 733 779 884
478 573 971 650 885
479 953 605 479 542
480 787
481 625 523 588
482 541 530 697 744 618
483 545 941 568 913 918 611 655
484 943 816 843 962 704 591
485 562 944
486 976 504
487 515 907 814
488 578 774 698 585 982
489 497 647 907 525 814
490 885 982 585 775
491 741 610 616 876 655 713 851 807
492 935 570 799 627
493 921 929 946 995
494 728 579 494
495 955 945 640 967 837 981
496 864 575 704 843 956 962 816 951 880
497 517 996 624 565 567 497 652 709 507 870 563 498 525 666 731
498 948 565 566 835 854 624
499 835 580 950
500 911 653 991 666 852 781 551 504 623
501 835 528 928
502 907 525 690
503 617 800 815 752 663 761 690
504 826 831 703 840 976 764 508 504 720 751 626 847 612 841 865 574 715 965 536 995 600
505 966 668
506 671 683 842
507 566 835 624 563 652 741 723 525 780 514
508 574 703
509 661 521 905 535 638
510 512 891 766 554 665 546 649
511 618 655
512 754 524 858 737 635 700 897 766
513 832 586 533 880
514 832
515 968 515 814 730
516 634 522 544 899 663 902 678 740
517 835 563 945 566 567 624 889
518 796 568 762 533 518 844 784 884
519 697 656 665 546 805
520 859 869 622 796 723 780
521 815 627 535 888 785 909
522 899 986 931
523 673 857 625 762
524 897 891 534 766 936 942 736 694
525 678 535 724 808 525 933 992 968 803 814 591 642 647 870 714 755 944 991 690
526 611 695 603 918 568
527 772 776 915 661 554
528 528 646 928 561 686 662 758 590 681 674
529 638 778 618
530 871 778 618 887 530 959
531 782 531
532 682 764
533 636 546
534 891 936 897 766 830
535 785 815 888 663 581 761 784 627
536 783 536 734 560 797 642
537 537 682 861
538 793 861 998 773 929
539 637 935 732 684 995 979
540 774 564 735 698 961 856
541 896 915 782
542 984 923
543 643 842 697 979
544 922 997 815 884
545 918 916 695 552 825
546 901 657 919 772 656 643 674 697 546 824 619 819 957 805 842 871 665 699 681 814 823 826 684
547 653 634 849
548 928 548
549 913 940 695 568
550 801 830
551 911 781 786 889 865
552 748 797 726 552 577 594
553 839 851 779
554 816 710 956
555
556 951 601 974 990 637 605 621 957 786
557 959 632 953 816
558 919 996 629 566 835 854 624 954
559 659 951 601 697 605 637 911 826
560 783 704 723 730
561 662 928 661
562 783 805 804 600 583
563 886 702 835 709 854 624 696
564 848 738 771 819
565 783 566 584 862 741 624
566 652 566 870 624 886 854 835 757 901 647 584 741
567 906 741 728 854 624 605
568 606 918 725 708 821 916 822 722 603 611 941 755 576
569 773 786 666 681 781 991 665 702 816
570 655
571 930 706 925
572 688 951 845
573 818 573
574 993 865 612 822 831
575 943 816 723 729 575 843 710 640 807 704
576 831 840 841 703 720 865
577 929 701 977 889 594
578 699 829 789 583
579 989 930
580 773 909 954 889 991
581 905 728 627 638 647
582 904 846 655 987 616 876 712
583 652 829 789 848 999
584 870 624
585 774 788 856 691
586 586
587 779 785 813 752 800 627 641 825
588 707 589 769 677 607 977 903 588
589 991 769 677 707 607 641 903 645 589 664 809
590 655 844 876
591 907
592 928 675 820 672 780
593 734 944 698 848 982 721 628 960
594
595 698 604 827 982 890
596 678 596 674 740 759
597 850 926 597 792 961
598 948 820 675
599 794 797 863 614 743
600 693 753
601 974 637 605 638
602 826 860 864 680 967
603 925 799
604 821 890
605 688 959 717 990 985
606 786 965 708
607 769
608 936 643 608
609 643 919 798 730
610 904 973 713 846 712 616 610 753
611 840 913 925
612 831 847 720
613 860 864 794 680
614 907 730 933 642 614 946
615 742
616 713 904 616 712 876 982 673 832 690
617 734 739 765 795
618 676 887 778 700 744 841 817 805
619 657 674
620 843
621 787 664 924 810 946
622 780 694
623 831 792 787
624 897 835 854 652 767 886 862 709 741 870 624 892 713 743 900
625 751 625
626 841 905
627 953 663 644 883 813 627 888 981 865 930
628 644 788
629 793 682
630 851 980 900 630 881 840 685
631 861 980 839 939 787 840
632 932 688 953 637
633 963 732 995 743 878
634 678
635 766 936 882 907
636 654 825
637 817 881 717 691 959 951 990 953 716 669 731 936 818
638 644 785 813 888 954
639 915 661 667 729 903 762
640 640 680 955
641 769
642 868 867 690 730
643 819 772 763 995
644 663 866 800 883 743
645 758 828 769 677 645 810 707
646 770 794 928
647 907 690
648 657 704 886 787
649 857 649 699 672
650 894 682
651 823 931 828 756
652 906 767 733
653 911 717 984
654 768 979 877 654 733 784 923 907
655 928 904 846 879
656 842 697 798
657 798 819 772 866 714 843 923
658 659 682
659 777 793 977
660 669 973
661 915 711
662 928
663 905
664
665 901 819 805 947 977
666 786 942
667 858 915 908 968 857
668 966
669 805 847 984 883
670 711 804 760 690
671 742
672 717 675 687 929
673 850 926 792 733
674 798 901
675 687 752
676 676
677 745 977
678 740 997
679 809 975 998 696 985
680 680 794 860 756 838
681 911 806 852 970 731 938 756
682 793 682 809
683
684 929 988
685 916 925 725
686 770 977 758 771
687 687 817
688 691 717
689 921 837 945 933
690 907 808 724 933 730 868 992 867 690 968 814 804 809 762
691 793 953
692 692 747 784
693 902
694
695 854 941 725
696 737 924
697 805
698 982 978 856 988 890 848 788 882 721
699 912
700 839
701 985 701 743
702
703 831 826 751 764 999 715 788
704 704
705 842
706 790 706 892
707 903 739 950
708
709 934 751
710 729
711 852 877
712 720 876 853
713 904 742
714 779
715 841 866
716 953 729
717 959
718 958 780 869 814
719 783 765 991 929
720 965 976
721 774 788
722 895 725
723 943 789
724 907
725 925 822 995 743
726 743
727 927 963 811 743
728 728 834 874
729 956 962 780
730 968 933 814 808 803 832
731 911
732 901
733 825
734 874 960
735 961 774 890 988 834 979
736 965
737 891 766 858 739
738 738 748
739 783 960 855 791 952
740 922 899
741
742 742 873
743 927 999 746 988 859
744 778
745 898 771 828 879 753
746 929 995
747
748 839 931 753
749 916 918 925 831
750 768 784 825
751
752 815
753 771 931 964
754 891 766
755
756 958 990 878
757 982
758 928 770
759 859
760 807 804 992
761 800 905
762 979 845
763 798 805
764 840 976
765 783
766 897 936 891 882 940 842
767 980 948
768 768 996
769 769 977 926 903
770
771 771 964 807
772 901 919 798 805 987
773 942 991 911 914 811
774 944 948
775 782
776 896 901
777 793
778 778
779 795 910 842 932
780 981 873
781 911 781 948
782 815 801 863
783 855 795 918
784 877
785 965
786 911 889 942 914 806 786 823
787 890 810 924
788 834
789
790 802 867
791 896 915 908 986 881
792 792 850 926
793 861
794 864 860
795
796 816
797
798 798 845 805 957
799
800
801 801 872 802
802 874 831
803 982 918
804 938 804
805 947 842 805 894 871 944 815 988
806 911 849
807 833 909 942 954 991
808 907
809 949 975 998 967
810 912
811 911 854 836 942
812 959 812 951 911
813 840 813
814 907 992
815
816 943 843 956 962
817 974 924
818 836 885 893
819 901 957
820
821 913
822 913 916
823 879 828
824
825 845 979 877 884
826 911 840 831 847
827 938 827 978
828
829 829
830 929 863 995
831 840 866 992
832 832 950
833 911 991
834 868
835
836 836
837
838 946 963
839 939 980 994
840 865 876
841 962
842 931
843 948
844 853 973
845 911
846
847 865
848 924
849 911 860
850 850 926
851
852 911
853 897 905 856
854 888
855
856 899 982 961
857 896 908 857
858 891 882 900
859 997
860 864 860
861
862 948 958
863 946
864
865 976
866 887
867 907
868 966
869
870 991
871 947 871
872 917 872
873
874 989
875 962 907
876
877
878 929
879 898 958
880 962
881
882 897 891
883
884
885 937 971
886
887
888
889
890 978
891 891 934
892 920
893 911 991
894 919
895 918
896 972
897
898 958 898
899 997 899
900 994 980 939
901
902
903
904
905
906
907 968 933
908 993 908
909 942
910 969 981 932
911 919 942 911 991 954
912
913 941 925
914 942
915 993 915 944 927 969
916 940
917 966
918 959 941
919
920 930
921 967 945
922 922
923 984
924
925 941
926
927 996
928 928
929 946
930
931 964
932 943
933
934
935
936
937 971 952
938 938
939 980
940
941 941
942
943 954 956 962
944
945
946
947 977
948
949
950
951
952
953 974
954
955
956 962
957 990
958
959
960 960
961 982
962
963
964
965
966
967
968
969
970
971 994 974
972
973 991 987 990
974 974 990
975
976
977
978 988 982
979
980
981 992
982
983
984
985 995
986
987
988
989
990
991
992
993
994
995
996
997
998
999
