864 196 613 680 602 89 794 860 253 126
769 641 707 645 677 903 69 361 588 589 977 211 21 380 607
770 66 646 6 141 528 145 20 662 157 928 34 163 548 166 686 110 561 179 52 501 758 118 125 61
960 385 131 195 391 267 12 459 783 719 82 855 536 345 795 734 415 31 739 617 362 560 765
998 679 39 809 169 201 696 975 178 949 342 312 185 443 316
896 71 776 266 11 908 270 527 915 661 150 791 857 667 541 158 993 50 307 372 441 187 317 639
258 259 778 511 529 530 30 352 482 676 229 744 618 127 887 700 318 319
455 592 149 598 410 159 672 160 289 675 292 294 424 687 820 702
33 36 932 329 714 969 779 42 910 300 273 214
320 832 514 513 136 586 43 271 755 499 950 280 284
193 804 135 711 233 938 17 54 760 670
261 19 532 471 218 671 608 356 101 742 615 358 873 683 747 363 364 368 177 240 249 506 379
768 518 331 460 845 654 784 16 979 533 86 279 153 221 733 477 234 877 750 113 884 825 762 636
32 417 111 304 147 660 984 58 923 669 542
773 139 397 909 911 781 653 786 914 404 275 278 407 143 666 414 547 164 420 806 551 807 681 291 811 301 942 569 954 60 63 833 580 970 849 466 339 212 852 219 91 93 731 991 236 109 500 889 123 893
1 132 133 134 644 521 905 14 785 406 535 663 283 28 800 168 813 815 55 446 452 581 587 232 623 752 241 883 627 503 888 761 509 638
526 913 916 277 918 281 925 286 545 418 549 422 296 940 941 173 685 49 51 821 822 695 568 313 323 708 70 204 722 725 343 603 606 223 611 483 749 115 119 895
898 387 771 964 7 8 651 15 405 409 98 931 745 427 748 879 124 753 756 757 823 828 958
257 706 579 4 198 456 269 80 401 337 468 790 408 920 728 473 989 95 930 802 874 494 112 370 571 892
192 194 451 138 140 332 272 400 600 26 475 220 799 228 485 935 492 562 435 693 570 447
481 35 523 45 47 625 53 183 315 351
384 386 643 772 901 262 519 130 392 398 656 144 657 148 919 665 154 282 412 798 543 546 674 805 819 947 309 824 697 440 445 190 957 448 705 68 453 842 334 87 472 348 609 871 359 619 371 763 894
640 837 967 327 74 462 921 217 29 293 430 495 945 689 436 57 955
764 395 421 431 826 574 831 576 191 322 703 450 965 328 840 202 715 841 847 976 720 83 340 90 350 94 736 96 865 866 612 486 231 360 235 751 626 252 374 504 377 251 508
388 520 780 718 469 981 151 85 411 869 171 622 238 181 694 247
162 836 389 5 423 937 971 818 434 437 885 952 314 573 478
256 648 912 465 403 787 276 664 924 285 480 167 40 810 621 48 692 56 442
673 394 107 208 209 338 850 274 597 308 792 926
264 777 396 81 658 659 793 538 537 861 419 100 227 103 104 41 682 305 117 629
3 260 774 393 146 788 540 303 944 564 698 827 961 834 585 73 848 593 721 595 978 982 88 856 988 604 735 226 738 102 488 490 106 239 628 890 381
128 796 426 299 298 429 174 943 816 433 46 554 186 956 575 704 65 962 710 843 203 723 729 346 347 476 97 484 376 875 620 365 108 367 496 880 116 246 248
517 906 652 13 295 558 432 306 563 948 565 566 438 184 567 67 835 709 584 458 77 854 222 862 225 996 741 870 105 624 497 498 886 507 254 767
642 515 647 137 10 907 525 402 24 27 413 287 803 933 808 425 814 690 439 188 200 968 78 591 724 341 730 992 867 868 614 487 489 242 245 502
324 966 199 263 457 330 872 76 555 917 505 668
129 582 326 904 713 712 844 973 590 655 79 335 846 84 853 22 23 25 474 987 224 610 354 616 491 876 302 114 375
578 390 583 649 366 399 18 789 344 699 829
0 556 557 812 559 688 817 44 691 428 172 310 182 951 953 572 959 449 716 717 974 205 206 463 464 467 207 601 605 990 479 353 237 881 373 632 378 637 382 255
64 197 454 775 72 265 650 782 336 531 983 152 288 161 801 99 355 550 444 189
2 539 797 927 416 929 290 165 934 552 170 684 176 946 311 701 830 577 321 963 325 838 972 461 333 594 470 599 727 985 726 92 732 863 995 357 999 743 746 493 878 243 120 633
900 839 75 210 851 980 994 37 38 230 553 297 939 175 180 630 631 62
899 516 902 9 522 596 213 215 216 922 155 156 986 859 349 544 740 997 678 250 369 244 634 759 121 122 59 383
512 897 737 510 936 635 268 524 142 882 754 534 858 891 766
