0 572
0 0
0 717
0 206
0 25
0 44
0 691
0 449
0 207
0 605
0 378
0 637
0 552
1 241
1 134
1 627
1 752
1 509
1 132
1 168
1 452
1 943
1 36
2 883
2 552
2 797
2 929
2 311
2 290
2 72
2 165
2 577
2 743
3 834
3 827
3 738
3 961
3 942
3 303
3 226
4 4
4 802
4 571
4 758
4 790
4 930
4 579
4 337
4 494
4 60
4 976
4 949
5 389
5 314
5 952
5 971
5 437
5 478
5 366
5 937
5 434
5 991
6 553
6 770
6 548
6 528
6 501
6 166
6 34
6 179
6 353
6 119
6 928
6 110
6 65
7 566
7 353
7 931
7 15
7 983
7 753
7 599
8 572
8 898
8 748
8 753
8 697
8 409
8 708
9 180
9 216
9 155
9 156
9 122
9 244
9 634
9 516
9 740
9 678
9 759
9 59
9 121
9 596
9 215
9 986
9 383
9 997
9 254
9 601
9 798
9 624
9 287
10 951
10 137
10 287
10 487
10 808
10 425
10 640
10 907
10 27
10 814
10 690
10 188
10 963
11 791
11 896
11 527
11 187
11 50
11 776
11 266
11 993
11 667
11 71
11 307
11 441
11 541
11 372
11 857
11 56
11 163
11 340
11 558
11 915
11 150
11 61
12 385
12 391
12 267
12 345
12 12
12 195
12 734
12 719
12 536
12 617
12 855
12 362
12 560
12 131
12 82
12 783
12 765
12 910
12 129
12 904
12 682
12 739
12 333
13 517
13 767
13 906
13 254
13 948
13 461
13 565
13 566
13 567
13 835
13 225
13 996
13 624
13 911
14 969
14 872
14 644
14 446
14 638
14 663
14 241
14 456
14 803
14 628
14 292
14 592
14 218
15 958
15 823
15 15
15 828
15 753
16 768
16 654
16 533
16 733
16 16
16 877
16 884
16 86
16 331
16 477
16 460
16 234
16 762
16 153
16 784
16 495
16 150
16 359
16 701
16 279
17 938
17 135
17 17
17 54
17 233
17 760
17 670
17 711
17 878
17 546
17 215
17 529
18 536
18 390
18 18
18 789
18 829
18 292
18 344
18 403
19 911
19 291
19 668
19 240
19 368
19 940
19 683
19 218
19 363
20 528
20 686
20 758
20 179
20 20
20 856
20 157
20 509
20 499
21 769
21 589
21 645
21 677
21 903
21 829
21 588
21 977
21 211
22 837
22 627
22 129
22 582
22 853
22 354
22 162
22 539
22 610
22 616
23 656
23 716
23 129
23 846
23 94
23 79
23 335
23 354
23 491
24 857
24 907
24 724
24 525
24 502
24 439
24 442
24 27
24 690
24 188
24 614
25 624
25 301
25 500
25 129
25 79
25 257
25 84
25 610
25 491
25 245
26 911
26 486
26 138
26 475
26 28
26 693
26 447
26 220
26 228
26 146
26 189
27 610
27 318
27 647
27 525
27 614
27 968
27 287
27 439
27 808
27 868
27 137
27 245
27 591
27 642
27 724
27 763
27 338
27 836
27 516
27 814
27 188
27 539
28 644
28 521
28 535
28 888
28 883
28 446
28 704
28 85
28 813
28 341
29 921
29 955
29 640
29 462
29 929
29 327
29 74
30 530
30 127
30 258
30 700
30 378
30 744
31 391
31 267
31 783
31 960
31 560
31 256
31 362
31 546
32 142
32 901
32 147
32 923
32 669
32 831
33 273
33 779
33 329
33 33
33 42
33 740
33 213
33 300
33 880
33 127
33 907
34 643
34 662
34 928
34 66
34 157
34 556
34 165
35 523
35 183
35 351
35 47
35 35
35 481
35 953
35 899
35 45
35 53
35 315
35 711
35 752
35 129
36 969
36 779
36 273
36 214
36 842
36 504
37 553
37 297
37 980
37 900
37 851
37 37
38 38
38 630
38 631
38 844
38 297
38 180
38 62
38 851
39 908
39 753
39 178
39 443
39 600
40 362
40 648
40 403
40 787
40 285
40 48
40 621
41 264
41 396
41 658
41 793
41 537
41 99
41 227
41 379
42 329
42 714
42 273
42 214
42 843
43 408
43 373
43 320
43 271
43 950
43 832
43 499
43 755
43 789
43 804
44 557
44 951
44 717
44 817
44 953
44 688
44 428
44 422
44 209
44 907
45 104
45 53
45 47
45 45
45 315
45 217
45 981
46 546
46 351
46 796
46 426
46 299
46 429
46 816
46 433
46 575
46 729
46 875
46 496
46 880
46 48
46 907
47 305
47 445
47 481
47 530
48 959
48 787
48 912
48 692
48 480
49 916
49 296
49 941
49 286
49 722
49 749
49 173
49 119
49 918
49 422
49 501
49 352
50 441
50 527
50 896
50 909
50 639
50 757
50 363
51 296
51 281
51 611
51 51
51 173
51 323
51 286
51 119
51 603
51 568
51 462
51 388
51 352
51 223
51 115
52 646
52 528
52 928
52 686
52 765
52 911
52 769
52 357
53 373
53 351
53 625
53 291
53 698
53 961
53 545
54 770
54 193
54 135
54 938
54 711
54 233
54 846
54 514
54 698
55 663
55 800
55 452
55 168
55 572
55 581
55 623
55 147
56 143
56 921
56 648
56 692
56 440
57 430
57 436
57 967
57 74
57 97
57 217
57 299
58 385
58 349
58 147
58 111
58 660
58 397
58 425
59 67
59 678
59 349
59 122
59 369
59 59
59 292
59 215
60 911
60 914
60 407
60 414
60 109
60 275
60 807
60 547
60 932
60 991
61 528
61 662
61 928
61 163
61 166
61 110
61 909
61 722
62 553
62 297
62 230
62 851
62 283
62 839
62 630
62 83
63 773
63 139
63 397
63 911
63 781
63 653
63 786
63 275
63 580
63 787
64 775
64 288
64 152
64 531
64 743
64 454
65 386
65 433
65 816
65 65
65 575
65 429
65 880
65 484
65 796
65 203
65 620
65 116
65 962
65 347
65 186
65 97
65 704
65 729
65 367
65 176
65 596
65 91
65 268
65 365
66 770
66 141
66 528
66 157
66 163
66 110
66 501
66 848
66 169
66 288
67 295
67 566
67 948
67 565
67 709
67 225
67 624
67 847
67 975
68 657
68 546
68 445
68 144
68 198
69 769
69 607
69 589
69 707
69 244
69 977
69 211
69 821
70 916
70 296
70 568
70 526
70 199
70 223
71 270
71 915
71 150
71 947
71 215
72 775
72 265
72 801
72 650
72 161
72 454
72 782
72 336
72 550
72 189
72 176
72 590
73 415
73 774
73 564
73 604
73 628
73 848
73 393
73 195
73 960
73 226
73 102
73 744
74 640
74 430
74 689
74 436
74 967
74 327
74 495
74 462
74 955
74 837
74 596
74 564
74 726
75 297
75 210
75 839
75 230
75 568
75 630
75 631
75 457
76 184
76 263
76 330
76 457
76 555
76 189
77 652
77 558
77 432
77 306
77 566
77 597
77 741
77 624
77 248
78 442
78 907
78 525
78 287
78 425
78 814
78 690
78 730
78 245
79 409
79 129
79 605
79 335
79 354
80 257
80 269
80 728
80 494
80 408
80 630
80 447
81 793
81 419
81 682
81 227
81 629
81 305
81 299
81 861
81 943
82 385
82 391
82 267
82 415
82 605
82 362
83 766
83 450
83 847
83 231
83 83
83 191
83 251
83 431
83 841
83 736
83 715
83 96
83 151
83 105
83 340
83 866
83 486
83 504
83 296
84 129
84 655
84 582
84 973
84 84
84 936
84 245
84 616
85 194
85 388
85 520
85 806
85 422
86 740
86 768
86 279
86 460
86 958
86 113
87 337
87 643
87 919
87 282
87 546
87 805
87 190
87 713
87 640
87 207
88 892
88 182
88 393
88 146
88 381
88 106
88 988
88 628
88 848
88 585
88 593
88 646
88 689
88 126
88 856
88 226
88 664
89 196
89 89
89 126
89 602
89 794
89 536
89 360
90 624
90 322
90 847
90 231
90 328
90 751
90 96
90 450
90 626
90 831
90 976
90 486
90 90
90 485
90 874
90 242
90 504
91 786
91 143
91 781
91 123
91 681
91 414
91 500
91 569
91 727
91 331
91 991
91 503
92 121
92 943
92 290
92 165
92 545
92 357
93 786
93 914
93 278
93 547
93 681
93 569
93 580
93 466
93 991
94 395
94 626
94 826
94 508
94 641
94 751
94 504
95 401
95 408
95 920
95 802
95 198
95 293
95 610
95 368
96 421
96 576
96 450
96 340
96 751
96 574
96 634
96 493
96 865
96 360
96 504
96 251
96 730
97 97
97 843
97 956
97 868
97 237
97 875
97 365
98 103
98 398
98 893
98 409
98 745
98 145
99 600
99 265
99 801
99 839
100 777
100 396
100 658
100 682
100 457
100 808
101 218
101 368
101 615
101 742
101 256
101 747
101 363
101 379
102 381
102 604
102 856
102 595
102 821
102 749
103 538
103 227
103 396
103 104
104 396
104 793
104 419
104 332
104 217
105 295
105 566
105 709
105 862
105 225
105 624
105 593
106 698
106 595
106 978
106 604
106 239
106 721
106 540
106 982
106 146
106 988
106 856
106 593
106 585
106 393
106 106
106 470
106 294
106 480
107 209
107 338
107 274
107 597
107 792
107 926
108 796
108 426
108 429
108 843
108 433
108 486
108 496
109 909
109 911
109 278
109 407
109 991
109 688
109 226
109 484
109 285
110 141
110 528
110 928
110 561
110 145
110 367
110 373
110 274
110 913
111 123
111 598
111 984
111 923
111 669
111 596
111 925
112 269
112 337
112 892
112 401
112 737
112 631
112 589
113 768
113 884
113 221
113 533
113 750
113 331
113 489
113 441
114 527
114 219
114 904
114 610
114 655
114 224
114 463
114 419
114 873
115 566
115 925
115 296
115 526
115 895
115 685
115 913
115 725
115 223
115 464
115 866
115 427
116 953
116 943
116 575
116 704
116 484
116 365
116 487
117 396
117 658
117 419
117 305
117 227
117 238
118 915
118 770
118 528
118 928
118 686
118 758
118 976
118 923
118 125
119 579
119 545
120 165
120 946
120 325
120 732
120 362
121 235
121 155
121 213
121 986
121 544
121 997
121 634
121 899
121 250
121 522
121 215
121 516
121 650
121 690
121 296
121 259
122 740
122 213
122 634
122 491
122 588
123 911
123 786
123 164
124 898
124 651
124 964
124 828
124 745
124 124
124 749
125 131
125 528
125 145
125 646
125 662
125 282
126 231
126 860
126 680
126 927
126 718
127 319
127 744
127 529
128 166
128 182
128 484
128 943
128 298
128 710
128 219
128 325
128 796
128 575
128 347
128 476
129 178
129 713
129 590
129 326
129 335
129 987
129 973
129 224
129 853
129 375
129 302
129 129
129 610
129 591
129 457
129 406
129 330
129 616
130 154
130 947
130 842
130 901
130 282
130 427
130 445
130 170
131 739
131 855
131 415
131 195
131 617
131 391
131 587
131 783
131 721
132 623
132 905
132 521
132 406
132 750
132 133
132 446
132 627
133 305
133 885
133 761
133 162
133 406
133 446
133 424
134 891
134 397
134 301
134 770
134 581
134 638
134 946
135 938
135 711
135 233
135 446
135 670
135 804
136 612
136 514
136 755
136 280
136 586
136 320
136 987
137 200
137 868
137 525
137 383
137 287
137 690
138 220
138 492
138 935
138 138
138 799
138 435
138 451
138 332
139 291
139 339
139 852
139 991
139 547
139 520
139 397
139 911
139 278
139 407
139 143
139 301
139 349
139 318
140 481
140 400
140 475
140 272
140 835
140 693
140 570
140 725
141 770
141 145
141 936
141 528
141 928
141 163
141 725
141 615
142 512
142 897
142 891
142 268
142 510
142 882
142 936
142 635
142 754
142 766
142 538
142 174
143 637
143 773
143 397
143 911
143 786
143 914
143 278
143 407
143 472
143 338
143 164
143 811
144 772
144 448
144 440
144 919
144 519
144 348
144 938
144 546
144 805
144 445
144 334
144 483
144 784
145 646
145 528
145 548
145 478
145 928
145 163
146 421
146 831
146 944
146 982
146 488
146 595
146 640
146 698
146 961
146 226
146 287
147 777
147 196
147 660
147 542
147 984
147 923
147 594
148 392
148 619
148 472
148 412
148 902
148 282
148 546
148 448
148 295
149 675
149 149
149 672
149 159
149 170
149 592
149 598
150 776
150 915
150 372
150 307
150 187
150 791
150 896
150 908
150 270
150 266
150 158
150 342
150 172
150 444
150 390
150 366
151 911
151 388
151 520
151 780
151 181
151 869
152 679
152 265
152 983
152 197
152 288
152 548
152 550
152 454
152 525
153 768
153 654
153 845
153 274
154 524
154 682
154 643
154 657
154 546
154 445
154 453
154 851
154 193
155 859
155 383
155 902
155 278
155 215
155 216
155 349
155 369
156 399
156 902
156 922
156 250
156 759
156 822
156 213
156 215
156 669
157 419
157 300
157 646
157 528
157 686
157 166
157 561
157 413
157 902
157 928
157 163
157 642
158 266
158 915
158 661
158 243
158 857
158 289
159 892
159 455
159 410
159 702
159 875
159 160
159 685
160 424
160 702
160 687
160 289
160 592
160 672
160 820
160 598
160 205
160 985
161 775
161 265
161 650
161 983
161 525
162 658
162 389
162 162
162 434
162 836
162 462
162 937
162 818
162 698
163 528
163 928
163 770
163 758
163 163
163 212
163 711
163 169
164 849
164 666
164 301
164 833
164 773
164 219
164 275
164 786
164 339
164 291
164 404
164 414
164 942
164 569
164 889
164 267
164 667
164 539
164 628
164 811
164 500
164 587
165 573
165 865
165 493
165 416
165 290
165 594
165 243
165 797
165 684
165 746
165 946
165 995
165 726
165 165
165 732
165 357
165 927
165 963
165 985
165 701
165 934
165 170
165 311
165 929
165 176
165 838
165 878
165 743
165 999
165 727
165 577
165 333
165 972
165 516
165 174
165 259
165 822
165 947
165 427
165 704
165 966
166 770
166 528
166 686
166 651
167 989
167 787
167 285
167 403
167 624
167 469
168 562
168 644
168 446
168 905
168 647
168 627
168 638
168 417
169 975
169 169
169 443
169 949
169 201
169 769
169 363
170 929
170 325
170 963
170 577
170 599
170 726
170 878
170 972
170 830
170 275
170 826
170 838
170 732
171 295
171 247
171 171
171 702
171 694
171 238
172 310
172 951
172 373
172 914
172 182
172 464
172 378
172 637
173 174
173 296
173 695
173 277
173 280
173 568
174 248
174 426
174 723
174 729
174 943
174 843
174 365
175 553
175 297
175 939
175 175
175 210
175 994
175 630
175 225
175 860
176 964
176 963
176 946
176 726
176 985
176 929
176 997
176 327
176 470
176 999
176 743
177 261
177 532
177 356
177 873
177 766
177 368
178 917
178 809
178 679
178 949
178 312
178 443
178 342
179 928
179 662
179 681
179 758
180 297
180 939
180 230
180 210
180 630
181 520
181 718
181 411
181 314
181 238
182 428
182 464
182 881
182 572
182 959
182 605
182 953
182 637
182 353
182 990
182 467
182 237
182 378
182 811
182 601
182 925
183 251
183 523
183 351
183 625
183 537
183 481
184 517
184 566
184 624
184 584
184 223
185 295
185 854
185 703
185 809
185 949
185 332
185 525
186 322
186 308
186 429
186 943
186 186
186 297
186 658
186 575
186 843
186 365
186 418
187 906
187 915
187 270
187 541
187 981
187 467
187 500
187 492
187 907
187 927
188 547
188 322
188 907
188 525
188 287
188 933
188 814
188 724
188 642
188 968
188 489
188 425
188 867
188 288
188 859
188 780
188 557
188 730
188 614
189 265
189 983
189 197
190 386
190 947
190 824
190 609
190 754
190 340
190 689
191 576
191 764
191 431
191 395
191 400
191 715
191 350
191 486
191 504
191 296
191 768
192 451
192 194
192 485
192 693
192 799
192 562
192 745
192 941
193 576
193 670
193 711
193 193
194 799
194 570
194 693
194 562
194 600
194 492
194 194
194 452
194 332
195 560
195 362
195 960
195 555
195 546
196 793
196 860
196 602
196 613
196 680
196 505
196 794
196 864
196 654
197 312
197 531
197 265
197 454
197 355
197 451
197 574
197 568
198 269
198 920
198 456
198 401
198 370
198 473
198 989
198 468
198 892
198 790
198 498
198 328
198 228
198 874
198 360
199 324
199 668
199 872
199 555
199 407
199 457
199 330
199 917
199 759
200 449
200 402
200 803
200 425
200 814
200 690
200 245
201 316
201 809
201 342
201 696
201 443
201 949
201 736
201 236
202 831
202 322
202 252
202 450
202 857
202 504
202 287
203 943
203 816
203 433
203 843
203 575
203 248
203 620
203 688
203 437
203 933
204 497
204 505
204 296
204 918
204 749
204 817
205 559
205 817
205 428
205 237
205 881
205 205
205 905
205 243
205 463
205 207
205 373
205 486
206 928
206 572
206 382
206 716
206 676
206 207
206 605
206 353
206 637
206 367
207 557
207 310
207 953
207 464
207 378
207 479
207 990
207 559
207 637
207 951
207 817
207 632
207 336
207 895
207 729
207 605
208 377
208 274
208 209
208 338
208 926
208 850
208 650
208 701
208 597
208 673
209 394
209 351
209 673
210 553
210 900
210 980
210 387
210 382
210 651
211 740
211 903
211 677
211 645
211 380
211 742
211 268
212 911
212 407
212 547
212 291
212 811
212 583
212 991
213 902
213 371
213 215
213 349
214 329
214 779
214 273
214 910
214 257
214 300
214 235
215 971
215 678
215 899
215 215
215 634
215 986
215 250
215 516
215 369
215 544
215 759
215 505
215 615
216 899
216 859
216 216
216 384
216 575
217 635
217 327
217 462
217 430
217 640
218 226
218 281
218 683
218 532
218 379
218 671
218 667
218 363
218 364
219 456
219 911
219 786
219 278
219 547
219 681
219 954
219 788
219 425
220 504
220 272
220 562
220 435
220 714
220 896
221 768
221 518
221 979
221 750
221 477
221 292
221 733
222 295
222 948
222 438
222 709
222 897
222 225
222 624
222 497
223 526
223 913
223 277
223 925
223 708
223 895
223 821
223 568
223 699
223 817
224 302
224 844
224 973
224 371
224 610
224 616
225 906
225 295
225 862
225 870
225 767
225 835
225 565
225 566
225 517
225 948
225 225
225 652
225 558
225 886
225 584
225 709
225 458
225 498
225 254
225 497
225 306
225 770
225 316
225 521
225 986
225 855
225 624
226 393
226 564
226 698
226 593
226 735
226 239
226 540
226 488
226 490
226 982
226 260
226 628
226 944
226 834
226 961
226 978
226 890
226 931
226 514
226 889
226 655
226 422
227 537
227 793
227 227
227 874
228 939
228 435
228 492
228 562
228 228
228 570
228 690
228 415
228 245
229 676
229 318
229 229
229 844
229 618
230 553
230 939
230 684
230 631
231 789
231 831
231 840
231 847
231 720
231 486
231 965
231 574
231 576
231 464
231 901
231 360
231 508
231 504
231 251
231 602
231 346
232 528
232 786
232 504
232 274
232 535
232 800
232 994
232 752
232 747
233 257
233 404
233 810
234 920
234 904
234 654
234 363
235 656
235 431
235 826
235 831
235 322
235 840
235 715
235 235
235 504
235 677
236 397
236 911
236 278
236 807
236 681
236 954
236 466
237 783
237 835
237 959
237 449
237 605
237 637
238 238
238 469
239 260
239 303
239 982
239 890
240 916
240 363
240 240
240 379
241 535
241 623
241 813
241 883
241 913
242 332
242 778
242 907
242 525
242 287
242 690
243 797
243 929
243 594
243 863
244 922
244 596
244 859
244 349
244 369
245 472
245 907
245 287
245 814
245 614
245 933
245 413
245 402
245 525
245 487
245 393
245 576
245 768
246 407
246 575
246 248
246 365
246 943
246 880
246 844
246 309
246 797
247 428
247 388
247 411
247 622
248 575
248 723
248 962
248 943
248 426
248 710
248 429
248 407
248 847
249 844
249 549
249 356
249 364
249 795
249 379
250 596
250 859
250 349
250 799
250 491
251 431
251 831
251 360
251 504
251 251
251 576
251 450
251 612
251 626
251 965
251 998
251 551
252 831
252 504
252 840
252 720
252 552
253 453
253 860
253 680
253 613
253 651
254 295
254 432
254 854
254 624
254 507
255 556
255 953
255 467
255 605
255 353
255 809
255 926
255 284
256 920
256 970
256 442
256 672
256 648
256 912
256 787
257 257
257 930
257 269
257 706
258 560
258 554
258 258
258 529
258 482
258 332
258 259
258 530
258 319
258 618
259 319
259 318
259 887
259 511
259 311
260 930
260 738
260 604
260 497
260 834
260 690
261 671
261 742
261 506
261 913
261 683
261 363
261 379
262 957
262 334
262 842
262 772
262 705
262 840
262 656
262 657
262 546
263 324
263 457
263 505
263 263
263 909
263 616
264 629
264 659
264 264
264 777
264 682
265 336
265 775
265 531
265 444
265 454
265 355
265 478
265 876
265 605
265 820
266 441
266 915
266 908
266 830
266 270
266 857
266 639
267 391
267 362
267 536
267 385
267 765
267 345
267 795
267 719
267 960
267 617
267 855
267 400
267 858
267 342
267 783
267 739
267 504
267 526
268 897
268 754
268 858
268 524
268 510
268 534
268 268
268 272
268 766
268 824
268 937
268 735
269 579
269 989
269 799
269 790
269 571
269 337
269 728
270 908
270 317
270 661
270 367
270 915
270 321
271 513
271 586
271 755
271 300
272 475
272 570
272 272
273 329
273 969
273 779
273 983
273 518
273 932
274 394
274 274
274 338
274 850
274 308
274 926
274 597
275 786
275 806
275 397
275 653
275 991
275 420
275 606
275 837
275 278
275 407
275 621
275 676
276 648
276 664
276 810
276 465
276 968
276 692
276 480
277 464
277 343
277 822
277 940
277 924
277 925
277 422
277 296
278 911
278 404
278 954
278 339
278 397
278 893
278 466
278 991
278 569
278 681
278 551
278 301
278 407
278 781
278 773
278 666
278 547
278 500
278 420
278 606
278 882
278 280
278 641
278 915
278 861
278 935
279 768
279 636
279 331
279 712
279 762
280 528
280 513
280 586
280 284
281 582
281 916
281 940
281 286
281 422
281 418
281 313
281 695
281 668
281 925
281 296
281 722
282 657
282 384
282 453
282 343
282 546
282 805
283 407
283 905
283 638
283 406
283 771
283 752
283 627
284 513
284 320
284 950
284 499
285 912
285 787
285 648
285 692
285 403
285 465
285 991
285 621
286 918
286 821
286 323
286 725
286 968
286 296
286 461
287 605
287 907
287 525
287 487
287 968
287 803
287 814
287 647
287 287
287 489
287 591
287 402
287 413
287 614
287 439
287 724
287 992
287 867
287 690
287 730
287 425
287 365
287 369
287 958
287 886
287 773
287 733
288 782
288 801
288 444
288 550
288 454
289 592
289 455
289 672
289 294
289 289
289 820
289 675
289 598
289 424
289 709
289 815
290 743
290 726
290 934
290 739
291 911
291 407
291 466
291 511
291 991
292 786
292 702
292 424
292 820
293 551
293 315
293 640
293 921
293 955
294 705
294 702
294 294
294 566
294 820
295 709
295 567
295 835
295 870
295 906
295 566
295 558
295 458
295 565
295 767
295 507
295 624
295 886
295 652
295 497
295 854
295 295
295 563
295 517
295 948
295 498
295 741
295 421
295 876
295 806
295 873
295 584
296 940
296 545
296 722
296 685
296 918
296 603
296 821
296 916
296 913
296 695
296 418
296 313
296 816
296 363
297 781
297 839
297 994
297 630
297 575
297 620
298 796
298 429
298 723
298 816
298 367
298 380
298 882
298 943
298 433
298 575
298 484
298 365
299 376
299 496
299 943
299 843
300 329
300 714
300 779
300 932
300 910
300 854
300 690
301 773
301 397
301 911
301 407
301 666
301 569
301 500
301 466
301 394
301 319
302 495
302 713
302 302
302 474
302 660
302 913
302 610
303 911
303 564
303 393
303 373
304 984
304 669
304 304
304 923
304 667
305 777
305 658
305 537
305 682
305 305
305 614
306 805
306 906
306 498
306 358
306 996
306 624
306 806
307 334
307 776
307 915
307 857
307 758
308 338
308 926
308 673
309 919
309 546
309 805
309 348
309 656
309 674
309 315
309 794
309 448
309 763
310 556
310 990
310 688
310 373
310 653
310 537
310 959
310 637
311 797
311 701
311 325
311 633
311 963
311 599
311 995
311 477
312 490
312 679
312 696
313 378
313 597
313 918
313 568
314 437
314 573
314 434
314 314
315 523
315 315
315 351
315 874
315 944
316 809
316 443
316 679
316 975
316 444
317 527
317 915
317 541
317 704
317 800
318 571
318 759
318 700
318 318
318 676
318 482
318 618
318 778
318 530
318 843
318 744
319 823
319 700
319 887
319 744
319 511
319 319
319 339
319 352
319 618
320 423
320 497
320 614
320 832
320 801
320 513
321 802
321 464
321 377
321 934
321 333
321 999
321 357
322 431
322 831
322 626
322 612
322 847
322 736
322 865
322 751
322 377
322 375
322 840
322 504
323 504
323 918
323 925
323 568
324 440
324 966
324 668
324 324
324 457
324 872
324 782
324 769
325 416
325 999
325 599
325 549
325 559
325 838
325 743
326 466
326 678
326 590
326 904
326 612
326 616
326 491
327 915
327 688
327 945
327 955
327 837
327 430
327 689
327 493
327 725
327 443
328 942
328 831
328 965
328 720
328 377
328 444
328 504
328 729
328 403
329 329
329 714
329 910
329 969
329 932
329 869
329 571
329 663
330 459
330 719
330 569
330 668
330 505
330 555
330 497
330 802
330 917
331 657
331 768
331 825
331 477
332 799
332 693
332 935
332 400
332 562
332 485
332 475
332 492
332 879
333 333
333 995
334 412
334 798
334 546
334 805
334 384
334 674
334 819
334 881
334 928
335 904
335 712
335 354
335 987
335 335
335 844
335 474
335 610
335 876
335 616
335 607
335 516
335 856
335 491
336 508
336 628
336 775
336 801
337 370
337 728
337 473
337 892
338 557
338 360
338 338
338 423
338 985
338 792
339 773
339 397
339 909
339 911
339 786
339 404
340 421
340 431
340 504
340 570
340 360
340 508
340 346
341 783
341 913
341 907
341 425
341 814
341 502
341 447
342 998
342 696
342 671
343 914
343 775
343 913
343 925
343 722
343 650
344 390
344 649
344 399
344 699
344 578
344 829
344 789
344 529
344 992
345 783
345 415
345 536
345 617
345 821
345 362
345 831
346 926
346 492
346 816
346 956
346 575
346 723
346 376
346 429
346 426
346 365
346 838
347 575
347 816
347 484
347 875
347 500
347 865
347 365
348 386
348 398
348 805
349 720
349 922
349 997
349 369
349 522
349 587
350 612
350 847
350 431
350 504
350 660
350 486
350 875
351 889
351 523
351 351
352 530
352 352
352 618
353 716
353 463
353 464
353 717
353 467
353 990
353 812
353 705
353 382
354 512
354 582
354 846
354 610
354 713
354 655
354 981
354 385
355 775
355 650
355 801
355 641
356 704
356 471
356 358
356 573
356 747
356 368
357 988
357 727
357 357
357 633
357 594
357 746
357 747
358 843
358 532
358 471
358 671
358 733
358 363
359 384
359 657
359 546
359 805
359 678
359 770
360 395
360 841
360 847
360 976
360 866
360 421
360 764
360 360
360 576
360 736
360 450
360 865
360 504
360 826
360 374
360 486
360 831
360 997
360 876
360 608
360 939
360 587
360 710
360 722
361 816
361 645
361 588
361 977
361 361
361 803
361 470
362 537
362 385
362 415
362 617
362 362
362 719
362 855
362 795
362 536
362 691
362 437
362 615
363 777
363 841
363 621
363 671
363 683
363 608
363 873
363 368
363 615
363 364
363 384
363 995
363 379
364 670
364 532
364 615
364 671
364 471
364 573
364 536
365 605
365 943
365 575
365 962
365 620
365 429
365 956
365 484
365 476
365 426
365 433
365 479
365 802
365 413
365 401
365 939
365 376
366 501
366 578
366 583
366 399
366 390
366 699
366 366
366 856
366 712
366 598
367 704
367 620
368 890
368 532
368 471
368 608
368 742
368 368
368 615
368 671
368 709
368 759
368 466
369 516
369 986
369 740
369 634
369 902
369 544
369 444
369 629
369 670
370 920
370 728
370 874
370 514
371 901
371 398
371 919
371 546
371 805
371 472
372 776
372 915
372 791
373 565
373 717
373 464
373 479
373 373
373 463
373 467
373 382
373 428
373 449
373 844
373 903
373 378
373 637
374 421
374 826
374 703
374 450
374 504
374 704
375 955
375 655
375 582
375 412
376 584
376 836
377 793
377 831
377 450
377 504
378 556
378 688
378 428
378 605
378 691
378 632
378 449
378 467
378 678
378 853
378 521
379 627
379 742
379 873
379 506
379 557
380 504
380 474
380 903
380 588
380 977
380 869
381 674
381 585
381 593
381 982
381 735
382 716
382 464
383 902
383 522
383 740
383 759
384 440
384 472
384 772
384 911
384 656
384 657
384 665
384 546
384 805
384 705
384 937
385 391
385 795
385 960
385 560
385 415
385 395
385 783
385 536
385 459
385 739
385 792
386 386
386 798
386 546
386 805
386 824
387 757
387 387
387 405
387 890
387 409
388 464
388 520
388 901
388 694
389 478
389 389
389 937
389 434
389 952
389 928
390 789
390 583
390 399
390 822
391 617
391 795
391 719
391 536
391 765
391 459
391 734
391 960
391 415
391 855
391 783
391 681
391 872
391 835
391 442
392 609
392 798
392 772
392 410
392 657
392 546
392 805
392 445
392 453
392 446
393 991
393 540
393 585
393 538
393 848
393 978
394 681
394 850
394 394
394 792
395 965
395 999
395 847
396 629
396 537
396 883
396 529
396 793
396 519
396 445
396 509
396 814
397 773
397 893
397 807
397 397
397 942
397 833
397 420
397 911
397 852
397 889
397 463
397 884
397 544
397 929
398 445
398 901
398 546
398 824
398 849
399 649
400 464
400 935
400 900
401 920
401 930
401 468
401 514
401 802
401 814
402 891
402 642
402 907
402 525
402 924
402 814
402 690
403 573
403 436
403 924
403 912
403 442
404 914
404 991
404 414
404 970
404 773
404 533
404 547
405 823
405 427
405 409
405 911
405 964
405 671
406 555
406 521
406 785
406 813
406 592
406 535
406 446
406 581
406 638
406 727
407 773
407 786
407 811
407 731
407 833
407 768
407 970
407 991
407 945
408 790
408 473
408 468
408 571
408 408
408 802
408 874
409 898
409 757
409 427
409 748
409 771
409 633
409 931
409 876
410 434
410 702
410 820
410 780
410 592
411 427
411 780
411 869
411 529
412 957
412 772
412 546
412 919
412 543
412 705
412 643
412 894
412 993
412 876
412 805
412 445
412 575
413 595
413 484
413 515
413 690
413 614
414 911
414 547
414 889
414 970
414 786
414 954
414 905
414 875
414 430
415 783
415 536
415 855
415 719
415 960
415 560
415 617
415 498
415 462
415 540
416 815
416 727
416 633
416 910
416 972
416 594
417 984
417 542
417 417
418 913
418 925
418 708
418 545
418 725
418 483
418 749
418 683
419 777
419 538
419 496
419 480
420 911
420 450
420 954
421 601
421 736
421 840
421 965
421 751
421 831
421 626
421 703
421 762
421 696
421 431
421 574
421 486
421 504
422 549
422 483
422 895
422 568
422 603
422 695
422 725
422 661
422 822
422 502
423 478
423 885
423 952
423 573
423 818
423 437
423 978
424 773
424 455
424 820
424 592
424 598
424 568
425 591
425 724
425 867
425 933
425 690
426 880
426 704
426 433
426 458
426 816
426 554
426 843
427 619
427 756
428 716
428 717
428 479
428 817
428 827
428 601
428 637
428 503
428 787
429 827
429 943
429 710
430 445
430 495
430 837
430 945
430 689
430 967
430 814
431 703
431 690
431 637
431 831
431 715
431 504
432 432
432 517
432 563
432 709
432 848
432 925
432 624
432 507
432 846
433 763
433 476
433 554
433 755
433 655
433 956
433 843
433 820
434 836
434 971
434 478
434 937
434 885
434 928
435 728
435 719
435 451
435 437
435 447
435 995
436 617
436 945
436 689
436 462
436 837
436 955
436 990
436 495
436 761
437 818
437 558
438 652
438 566
438 567
438 753
438 862
438 996
438 741
438 624
438 497
438 535
439 500
439 613
439 907
439 690
439 730
440 656
440 657
440 546
440 453
440 943
441 896
441 908
441 915
441 661
441 639
441 479
442 938
442 648
442 664
442 692
442 787
442 875
443 850
443 975
444 715
444 531
444 550
445 519
445 546
445 643
445 445
445 697
445 656
445 657
445 842
445 894
445 609
445 805
445 509
445 465
446 624
446 773
446 644
446 535
446 509
446 503
446 888
446 581
446 638
446 785
446 627
446 856
446 889
446 899
447 492
447 485
447 447
448 546
448 805
448 917
448 681
449 706
449 605
449 463
449 464
449 637
449 622
450 574
450 831
450 504
450 508
450 576
450 703
450 866
450 742
450 651
450 695
450 982
450 956
451 475
451 492
451 636
451 592
452 644
452 785
453 772
453 656
453 657
453 763
453 842
453 920
454 775
454 650
454 531
454 454
454 782
454 983
454 894
454 694
454 864
455 581
455 501
455 972
456 802
456 989
456 930
456 960
457 457
457 917
457 466
457 730
458 566
458 870
458 563
458 615
458 996
458 497
459 795
459 459
459 960
459 719
460 872
460 582
460 825
460 651
460 477
461 946
461 552
461 577
462 902
462 921
462 955
463 881
463 479
463 929
463 464
463 637
464 557
464 691
464 572
464 637
464 959
464 817
464 556
464 559
464 974
464 467
464 632
464 953
464 716
464 812
464 634
465 912
465 787
466 909
466 911
466 786
466 954
466 637
466 961
467 662
467 556
467 812
467 817
467 637
467 559
467 527
467 819
467 605
468 920
468 930
468 494
468 989
468 900
468 735
468 728
469 520
469 694
469 718
469 869
469 622
470 934
470 946
470 746
470 684
471 507
471 671
471 506
471 534
472 546
473 790
473 812
473 892
474 844
474 712
474 582
474 610
475 909
475 492
476 816
476 575
476 729
476 555
476 484
477 518
477 733
477 779
477 884
478 573
478 971
478 650
478 885
479 953
479 605
479 479
479 542
480 787
481 625
481 523
481 588
482 541
482 530
482 697
482 744
482 618
483 545
483 941
483 568
483 913
483 918
483 611
483 655
484 943
484 816
484 843
484 962
484 704
484 591
485 562
485 944
486 976
486 504
487 515
487 907
487 814
488 578
488 774
488 698
488 585
488 982
489 497
489 647
489 907
489 525
489 814
490 885
490 982
490 585
490 775
491 741
491 610
491 616
491 876
491 655
491 713
491 851
491 807
492 935
492 570
492 799
492 627
493 921
493 929
493 946
493 995
494 728
494 579
494 494
495 955
495 945
495 640
495 967
495 837
495 981
496 864
496 575
496 704
496 843
496 956
496 962
496 816
496 951
496 880
497 517
497 996
497 624
497 565
497 567
497 497
497 652
497 709
497 507
497 870
497 563
497 498
497 525
497 666
497 731
498 948
498 565
498 566
498 835
498 854
498 624
499 835
499 580
499 950
500 911
500 653
500 991
500 666
500 852
500 781
500 551
500 504
500 623
501 835
501 528
501 928
502 907
502 525
502 690
503 617
503 800
503 815
503 752
503 663
503 761
503 690
504 826
504 831
504 703
504 840
504 976
504 764
504 508
504 504
504 720
504 751
504 626
504 847
504 612
504 841
504 865
504 574
504 715
504 965
504 536
504 995
504 600
505 966
505 668
506 671
506 683
506 842
507 566
507 835
507 624
507 563
507 652
507 741
507 723
507 525
507 780
507 514
508 574
508 703
509 661
509 521
509 905
509 535
509 638
510 512
510 891
510 766
510 554
510 665
510 546
510 649
511 618
511 655
512 754
512 524
512 858
512 737
512 635
512 700
512 897
512 766
513 832
513 586
513 533
513 880
514 832
515 968
515 515
515 814
515 730
516 634
516 522
516 544
516 899
516 663
516 902
516 678
516 740
517 835
517 563
517 945
517 566
517 567
517 624
517 889
518 796
518 568
518 762
518 533
518 518
518 844
518 784
518 884
519 697
519 656
519 665
519 546
519 805
520 859
520 869
520 622
520 796
520 723
520 780
521 815
521 627
521 535
521 888
521 785
521 909
522 899
522 986
522 931
523 673
523 857
523 625
523 762
524 897
524 891
524 534
524 766
524 936
524 942
524 736
524 694
525 678
525 535
525 724
525 808
525 525
525 933
525 992
525 968
525 803
525 814
525 591
525 642
525 647
525 870
525 714
525 755
525 944
525 991
525 690
526 611
526 695
526 603
526 918
526 568
527 772
527 776
527 915
527 661
527 554
528 528
528 646
528 928
528 561
528 686
528 662
528 758
528 590
528 681
528 674
529 638
529 778
529 618
530 871
530 778
530 618
530 887
530 530
530 959
531 782
531 531
532 682
532 764
533 636
533 546
534 891
534 936
534 897
534 766
534 830
535 785
535 815
535 888
535 663
535 581
535 761
535 784
535 627
536 783
536 536
536 734
536 560
536 797
536 642
537 537
537 682
537 861
538 793
538 861
538 998
538 773
538 929
539 637
539 935
539 732
539 684
539 995
539 979
540 774
540 564
540 735
540 698
540 961
540 856
541 896
541 915
541 782
542 984
542 923
543 643
543 842
543 697
543 979
544 922
544 997
544 815
544 884
545 918
545 916
545 695
545 552
545 825
546 901
546 657
546 919
546 772
546 656
546 643
546 674
546 697
546 546
546 824
546 619
546 819
546 957
546 805
546 842
546 871
546 665
546 699
546 681
546 814
546 823
546 826
546 684
547 653
547 634
547 849
548 928
548 548
549 913
549 940
549 695
549 568
550 801
550 830
551 911
551 781
551 786
551 889
551 865
552 748
552 797
552 726
552 552
552 577
552 594
553 839
553 851
553 779
554 816
554 710
554 956
556 951
556 601
556 974
556 990
556 637
556 605
556 621
556 957
556 786
557 959
557 632
557 953
557 816
558 919
558 996
558 629
558 566
558 835
558 854
558 624
558 954
559 659
559 951
559 601
559 697
559 605
559 637
559 911
559 826
560 783
560 704
560 723
560 730
561 662
561 928
561 661
562 783
562 805
562 804
562 600
562 583
563 886
563 702
563 835
563 709
563 854
563 624
563 696
564 848
564 738
564 771
564 819
565 783
565 566
565 584
565 862
565 741
565 624
566 652
566 566
566 870
566 624
566 886
566 854
566 835
566 757
566 901
566 647
566 584
566 741
567 906
567 741
567 728
567 854
567 624
567 605
568 606
568 918
568 725
568 708
568 821
568 916
568 822
568 722
568 603
568 611
568 941
568 755
568 576
569 773
569 786
569 666
569 681
569 781
569 991
569 665
569 702
569 816
570 655
571 930
571 706
571 925
572 688
572 951
572 845
573 818
573 573
574 993
574 865
574 612
574 822
574 831
575 943
575 816
575 723
575 729
575 575
575 843
575 710
575 640
575 807
575 704
576 831
576 840
576 841
576 703
576 720
576 865
577 929
577 701
577 977
577 889
577 594
578 699
578 829
578 789
578 583
579 989
579 930
580 773
580 909
580 954
580 889
580 991
581 905
581 728
581 627
581 638
581 647
582 904
582 846
582 655
582 987
582 616
582 876
582 712
583 652
583 829
583 789
583 848
583 999
584 870
584 624
585 774
585 788
585 856
585 691
586 586
587 779
587 785
587 813
587 752
587 800
587 627
587 641
587 825
588 707
588 589
588 769
588 677
588 607
588 977
588 903
588 588
589 991
589 769
589 677
589 707
589 607
589 641
589 903
589 645
589 589
589 664
589 809
590 655
590 844
590 876
591 907
592 928
592 675
592 820
592 672
592 780
593 734
593 944
593 698
593 848
593 982
593 721
593 628
593 960
595 698
595 604
595 827
595 982
595 890
596 678
596 596
596 674
596 740
596 759
597 850
597 926
597 597
597 792
597 961
598 948
598 820
598 675
599 794
599 797
599 863
599 614
599 743
600 693
600 753
601 974
601 637
601 605
601 638
602 826
602 860
602 864
602 680
602 967
603 925
603 799
604 821
604 890
605 688
605 959
605 717
605 990
605 985
606 786
606 965
606 708
607 769
608 936
608 643
608 608
609 643
609 919
609 798
609 730
610 904
610 973
610 713
610 846
610 712
610 616
610 610
610 753
611 840
611 913
611 925
612 831
612 847
612 720
613 860
613 864
613 794
613 680
614 907
614 730
614 933
614 642
614 614
614 946
615 742
616 713
616 904
616 616
616 712
616 876
616 982
616 673
616 832
616 690
617 734
617 739
617 765
617 795
618 676
618 887
618 778
618 700
618 744
618 841
618 817
618 805
619 657
619 674
620 843
621 787
621 664
621 924
621 810
621 946
622 780
622 694
623 831
623 792
623 787
624 897
624 835
624 854
624 652
624 767
624 886
624 862
624 709
624 741
624 870
624 624
624 892
624 713
624 743
624 900
625 751
625 625
626 841
626 905
627 953
627 663
627 644
627 883
627 813
627 627
627 888
627 981
627 865
627 930
628 644
628 788
629 793
629 682
630 851
630 980
630 900
630 630
630 881
630 840
630 685
631 861
631 980
631 839
631 939
631 787
631 840
632 932
632 688
632 953
632 637
633 963
633 732
633 995
633 743
633 878
634 678
635 766
635 936
635 882
635 907
636 654
636 825
637 817
637 881
637 717
637 691
637 959
637 951
637 990
637 953
637 716
637 669
637 731
637 936
637 818
638 644
638 785
638 813
638 888
638 954
639 915
639 661
639 667
639 729
639 903
639 762
640 640
640 680
640 955
641 769
642 868
642 867
642 690
642 730
643 819
643 772
643 763
643 995
644 663
644 866
644 800
644 883
644 743
645 758
645 828
645 769
645 677
645 645
645 810
645 707
646 770
646 794
646 928
647 907
647 690
648 657
648 704
648 886
648 787
649 857
649 649
649 699
649 672
650 894
650 682
651 823
651 931
651 828
651 756
652 906
652 767
652 733
653 911
653 717
653 984
654 768
654 979
654 877
654 654
654 733
654 784
654 923
654 907
655 928
655 904
655 846
655 879
656 842
656 697
656 798
657 798
657 819
657 772
657 866
657 714
657 843
657 923
658 659
658 682
659 777
659 793
659 977
660 669
660 973
661 915
661 711
662 928
663 905
665 901
665 819
665 805
665 947
665 977
666 786
666 942
667 858
667 915
667 908
667 968
667 857
668 966
669 805
669 847
669 984
669 883
670 711
670 804
670 760
670 690
671 742
672 717
672 675
672 687
672 929
673 850
673 926
673 792
673 733
674 798
674 901
675 687
675 752
676 676
677 745
677 977
678 740
678 997
679 809
679 975
679 998
679 696
679 985
680 680
680 794
680 860
680 756
680 838
681 911
681 806
681 852
681 970
681 731
681 938
681 756
682 793
682 682
682 809
684 929
684 988
685 916
685 925
685 725
686 770
686 977
686 758
686 771
687 687
687 817
688 691
688 717
689 921
689 837
689 945
689 933
690 907
690 808
690 724
690 933
690 730
690 868
690 992
690 867
690 690
690 968
690 814
690 804
690 809
690 762
691 793
691 953
692 692
692 747
692 784
693 902
695 854
695 941
695 725
696 737
696 924
697 805
698 982
698 978
698 856
698 988
698 890
698 848
698 788
698 882
698 721
699 912
700 839
701 985
701 701
701 743
703 831
703 826
703 751
703 764
703 999
703 715
703 788
704 704
705 842
706 790
706 706
706 892
707 903
707 739
707 950
709 934
709 751
710 729
711 852
711 877
712 720
712 876
712 853
713 904
713 742
714 779
715 841
715 866
716 953
716 729
717 959
718 958
718 780
718 869
718 814
719 783
719 765
719 991
719 929
720 965
720 976
721 774
721 788
722 895
722 725
723 943
723 789
724 907
725 925
725 822
725 995
725 743
726 743
727 927
727 963
727 811
727 743
728 728
728 834
728 874
729 956
729 962
729 780
730 968
730 933
730 814
730 808
730 803
730 832
731 911
732 901
733 825
734 874
734 960
735 961
735 774
735 890
735 988
735 834
735 979
736 965
737 891
737 766
737 858
737 739
738 738
738 748
739 783
739 960
739 855
739 791
739 952
740 922
740 899
742 742
742 873
743 927
743 999
743 746
743 988
743 859
744 778
745 898
745 771
745 828
745 879
745 753
746 929
746 995
748 839
748 931
748 753
749 916
749 918
749 925
749 831
750 768
750 784
750 825
752 815
753 771
753 931
753 964
754 891
754 766
756 958
756 990
756 878
757 982
758 928
758 770
759 859
760 807
760 804
760 992
761 800
761 905
762 979
762 845
763 798
763 805
764 840
764 976
765 783
766 897
766 936
766 891
766 882
766 940
766 842
767 980
767 948
768 768
768 996
769 769
769 977
769 926
769 903
771 771
771 964
771 807
772 901
772 919
772 798
772 805
772 987
773 942
773 991
773 911
773 914
773 811
774 944
774 948
775 782
776 896
776 901
777 793
778 778
779 795
779 910
779 842
779 932
780 981
780 873
781 911
781 781
781 948
782 815
782 801
782 863
783 855
783 795
783 918
784 877
785 965
786 911
786 889
786 942
786 914
786 806
786 786
786 823
787 890
787 810
787 924
788 834
790 802
790 867
791 896
791 915
791 908
791 986
791 881
792 792
792 850
792 926
793 861
794 864
794 860
796 816
798 798
798 845
798 805
798 957
801 801
801 872
801 802
802 874
802 831
803 982
803 918
804 938
804 804
805 947
805 842
805 805
805 894
805 871
805 944
805 815
805 988
806 911
806 849
807 833
807 909
807 942
807 954
807 991
808 907
809 949
809 975
809 998
809 967
810 912
811 911
811 854
811 836
811 942
812 959
812 812
812 951
812 911
813 840
813 813
814 907
814 992
816 943
816 843
816 956
816 962
817 974
817 924
818 836
818 885
818 893
819 901
819 957
821 913
822 913
822 916
823 879
823 828
825 845
825 979
825 877
825 884
826 911
826 840
826 831
826 847
827 938
827 827
827 978
829 829
830 929
830 863
830 995
831 840
831 866
831 992
832 832
832 950
833 911
833 991
834 868
836 836
838 946
838 963
839 939
839 980
839 994
840 865
840 876
841 962
842 931
843 948
844 853
844 973
845 911
847 865
848 924
849 911
849 860
850 850
850 926
852 911
853 897
853 905
853 856
854 888
856 899
856 982
856 961
857 896
857 908
857 857
858 891
858 882
858 900
859 997
860 864
860 860
862 948
862 958
863 946
865 976
866 887
867 907
868 966
870 991
871 947
871 871
872 917
872 872
874 989
875 962
875 907
878 929
879 898
879 958
880 962
882 897
882 891
885 937
885 971
890 978
891 891
891 934
892 920
893 911
893 991
894 919
895 918
896 972
898 958
898 898
899 997
899 899
900 994
900 980
900 939
907 968
907 933
908 993
908 908
909 942
910 969
910 981
910 932
911 919
911 942
911 911
911 991
911 954
913 941
913 925
914 942
915 993
915 915
915 944
915 927
915 969
916 940
917 966
